# campaign: 2024-09-08 00:00:00+00:00 2024-09-30 00:00:00+00:00
# time[s] T_15cm[˚C]
0.0 17.520833333333332
600.0 17.47222222222222
1200.0 17.42361111111111
1800.0 17.375
2400.0 17.208333333333332
3000.0 17.041666666666668
3600.0 16.875
4200.0 16.833333333333332
4800.0 16.791666666666668
5400.0 16.75
6000.0 16.631944444444443
6600.0 16.51388888888889
7200.0 16.395833333333332
7800.0 16.256944444444446
8400.0 16.118055555555554
9000.0 15.979166666666666
9600.0 15.965277777777779
10200.0 15.951388888888888
10800.0 15.9375
11400.0 15.833333333333334
12000.0 15.729166666666666
12600.0 15.625
13200.0 15.465277777777779
13800.0 15.305555555555555
14400.0 15.145833333333334
15000.0 15.020833333333334
15600.0 14.895833333333334
16200.0 14.770833333333334
16800.0 14.701388888888888
17400.0 14.631944444444445
18000.0 14.5625
18600.0 14.583333333333334
19200.0 14.604166666666666
19800.0 14.625
20400.0 14.847222222222223
21000.0 15.069444444444443
21600.0 15.291666666666666
22200.0 15.708333333333334
22800.0 16.125
23400.0 16.541666666666668
24000.0 16.875
24600.0 17.208333333333332
25200.0 17.541666666666668
25800.0 18.034722222222225
26400.0 18.527777777777775
27000.0 19.020833333333332
27600.0 19.42361111111111
28200.0 19.82638888888889
28800.0 20.229166666666668
29400.0 20.659722222222225
30000.0 21.090277777777775
30600.0 21.520833333333332
31200.0 21.819444444444443
31800.0 22.118055555555557
32400.0 22.416666666666668
33000.0 22.743055555555557
33600.0 23.069444444444443
34200.0 23.395833333333332
34800.0 23.729166666666668
35400.0 24.0625
36000.0 24.395833333333332
36600.0 24.8125
37200.0 25.229166666666668
37800.0 25.645833333333332
38400.0 25.930555555555557
39000.0 26.215277777777775
39600.0 26.5
40200.0 26.645833333333332
40800.0 26.791666666666668
41400.0 26.9375
42000.0 27.0
42600.0 27.0625
43200.0 27.125
43800.0 27.277777777777782
44400.0 27.430555555555554
45000.0 27.583333333333332
45600.0 27.701388888888886
46200.0 27.819444444444446
46800.0 27.9375
47400.0 28.041666666666668
48000.0 28.145833333333332
48600.0 28.25
49200.0 27.98611111111111
49800.0 27.722222222222225
50400.0 27.458333333333332
51000.0 27.361111111111114
51600.0 27.263888888888886
52200.0 27.166666666666668
52800.0 26.979166666666668
53400.0 26.791666666666668
54000.0 26.604166666666668
54600.0 26.4375
55200.0 26.270833333333332
55800.0 26.104166666666668
56400.0 25.98611111111111
57000.0 25.868055555555557
57600.0 25.75
58200.0 25.513888888888886
58800.0 25.277777777777782
59400.0 25.041666666666668
60000.0 24.722222222222225
60600.0 24.402777777777775
61200.0 24.083333333333332
61800.0 23.847222222222218
62400.0 23.611111111111114
63000.0 23.375
63600.0 23.17361111111111
64200.0 22.972222222222225
64800.0 22.770833333333332
65400.0 22.784722222222218
66000.0 22.798611111111114
66600.0 22.8125
67200.0 22.784722222222225
67800.0 22.756944444444443
68400.0 22.729166666666668
69000.0 22.6875
69600.0 22.645833333333332
70200.0 22.604166666666668
70800.0 22.555555555555554
71400.0 22.506944444444446
72000.0 22.458333333333332
72600.0 22.368055555555557
73200.0 22.277777777777775
73800.0 22.1875
74400.0 22.083333333333332
75000.0 21.979166666666668
75600.0 21.875
76200.0 21.79861111111111
76800.0 21.722222222222225
77400.0 21.645833333333332
78000.0 21.48611111111111
78600.0 21.32638888888889
79200.0 21.166666666666668
79800.0 21.07638888888889
80400.0 20.98611111111111
81000.0 20.895833333333332
81600.0 20.840277777777775
82200.0 20.784722222222225
82800.0 20.729166666666668
83400.0 20.569444444444443
84000.0 20.409722222222225
84600.0 20.25
85200.0 19.965277777777775
85800.0 19.680555555555557
86400.0 19.395833333333332
87000.0 19.527777777777775
87600.0 19.659722222222225
88200.0 19.791666666666668
88800.0 19.45138888888889
89400.0 19.11111111111111
90000.0 18.770833333333332
90600.0 18.78472222222222
91200.0 18.79861111111111
91800.0 18.8125
92400.0 18.4375
93000.0 18.0625
93600.0 17.6875
94200.0 17.555555555555557
94800.0 17.42361111111111
95400.0 17.291666666666668
96000.0 17.27777777777778
96600.0 17.26388888888889
97200.0 17.25
97800.0 17.208333333333332
98400.0 17.166666666666668
99000.0 17.125
99600.0 17.0
100200.0 16.875
100800.0 16.75
101400.0 16.590277777777775
102000.0 16.430555555555557
102600.0 16.270833333333332
103200.0 16.22222222222222
103800.0 16.17361111111111
104400.0 16.125
105000.0 16.166666666666668
105600.0 16.208333333333332
106200.0 16.25
106800.0 16.23611111111111
107400.0 16.222222222222225
108000.0 16.208333333333332
108600.0 15.638888888888888
109200.0 15.069444444444445
109800.0 14.5
110400.0 14.145833333333334
111000.0 13.791666666666666
111600.0 13.4375
112200.0 13.1875
112800.0 12.9375
113400.0 12.6875
114000.0 12.694444444444445
114600.0 12.701388888888888
115200.0 12.708333333333334
115800.0 12.729166666666666
116400.0 12.75
117000.0 12.770833333333334
117600.0 12.847222222222223
118200.0 12.923611111111109
118800.0 13.0
119400.0 13.138888888888888
120000.0 13.277777777777779
120600.0 13.416666666666666
121200.0 13.791666666666666
121800.0 14.166666666666666
122400.0 14.541666666666666
123000.0 14.527777777777779
123600.0 14.513888888888888
124200.0 14.5
124800.0 14.583333333333334
125400.0 14.666666666666666
126000.0 14.75
126600.0 14.805555555555555
127200.0 14.861111111111112
127800.0 14.916666666666666
128400.0 15.0625
129000.0 15.208333333333334
129600.0 15.354166666666666
130200.0 15.333333333333334
130800.0 15.3125
131400.0 15.291666666666666
132000.0 15.347222222222221
132600.0 15.402777777777779
133200.0 15.458333333333334
133800.0 15.756944444444443
134400.0 16.055555555555554
135000.0 16.354166666666668
135600.0 16.3125
136200.0 16.270833333333332
136800.0 16.229166666666668
137400.0 16.284722222222225
138000.0 16.340277777777775
138600.0 16.395833333333332
139200.0 16.34722222222222
139800.0 16.29861111111111
140400.0 16.25
141000.0 16.20138888888889
141600.0 16.15277777777778
142200.0 16.104166666666668
142800.0 16.118055555555554
143400.0 16.131944444444446
144000.0 16.145833333333332
144600.0 16.01388888888889
145200.0 15.881944444444445
145800.0 15.75
146400.0 15.590277777777779
147000.0 15.430555555555555
147600.0 15.270833333333334
148200.0 15.222222222222223
148800.0 15.173611111111109
149400.0 15.125
150000.0 15.083333333333334
150600.0 15.041666666666666
151200.0 15.0
151800.0 14.895833333333334
152400.0 14.791666666666666
153000.0 14.6875
153600.0 14.583333333333334
154200.0 14.479166666666666
154800.0 14.375
155400.0 14.263888888888891
156000.0 14.152777777777777
156600.0 14.041666666666666
157200.0 13.944444444444445
157800.0 13.847222222222221
158400.0 13.75
159000.0 13.666666666666666
159600.0 13.583333333333334
160200.0 13.5
160800.0 13.458333333333334
161400.0 13.416666666666666
162000.0 13.375
162600.0 13.326388888888891
163200.0 13.277777777777777
163800.0 13.229166666666666
164400.0 13.194444444444445
165000.0 13.159722222222221
165600.0 13.125
166200.0 13.166666666666666
166800.0 13.208333333333334
167400.0 13.25
168000.0 13.208333333333334
168600.0 13.166666666666666
169200.0 13.125
169800.0 13.208333333333334
170400.0 13.291666666666666
171000.0 13.375
171600.0 13.361111111111109
172200.0 13.347222222222223
172800.0 13.333333333333334
173400.0 13.305555555555555
174000.0 13.277777777777779
174600.0 13.25
175200.0 13.215277777777779
175800.0 13.180555555555555
176400.0 13.145833333333334
177000.0 13.159722222222223
177600.0 13.173611111111109
178200.0 13.1875
178800.0 13.166666666666666
179400.0 13.145833333333334
180000.0 13.125
180600.0 13.083333333333334
181200.0 13.041666666666666
181800.0 13.0
182400.0 12.916666666666666
183000.0 12.833333333333334
183600.0 12.75
184200.0 12.75
184800.0 12.75
185400.0 12.75
186000.0 12.673611111111109
186600.0 12.597222222222223
187200.0 12.520833333333334
187800.0 12.402777777777779
188400.0 12.284722222222221
189000.0 12.166666666666666
189600.0 12.180555555555555
190200.0 12.194444444444445
190800.0 12.208333333333334
191400.0 12.430555555555557
192000.0 12.652777777777777
192600.0 12.875
193200.0 13.083333333333334
193800.0 13.291666666666666
194400.0 13.5
195000.0 13.576388888888891
195600.0 13.652777777777777
196200.0 13.729166666666666
196800.0 13.826388888888888
197400.0 13.923611111111112
198000.0 14.020833333333334
198600.0 14.222222222222223
199200.0 14.423611111111109
199800.0 14.625
200400.0 14.819444444444445
201000.0 15.013888888888888
201600.0 15.208333333333334
202200.0 15.152777777777779
202800.0 15.097222222222221
203400.0 15.041666666666666
204000.0 15.215277777777777
204600.0 15.388888888888891
205200.0 15.5625
205800.0 15.618055555555555
206400.0 15.673611111111112
207000.0 15.729166666666666
207600.0 15.652777777777777
208200.0 15.576388888888891
208800.0 15.5
209400.0 15.75
210000.0 16.0
210600.0 16.25
211200.0 16.305555555555554
211800.0 16.36111111111111
212400.0 16.416666666666668
213000.0 16.604166666666668
213600.0 16.791666666666668
214200.0 16.979166666666668
214800.0 16.895833333333332
215400.0 16.8125
216000.0 16.729166666666668
216600.0 16.70138888888889
217200.0 16.67361111111111
217800.0 16.645833333333332
218400.0 16.930555555555557
219000.0 17.215277777777775
219600.0 17.5
220200.0 17.5625
220800.0 17.625
221400.0 17.6875
222000.0 17.541666666666668
222600.0 17.395833333333332
223200.0 17.25
223800.0 17.347222222222225
224400.0 17.444444444444443
225000.0 17.541666666666668
225600.0 17.42361111111111
226200.0 17.305555555555554
226800.0 17.1875
227400.0 16.958333333333332
228000.0 16.729166666666668
228600.0 16.5
229200.0 16.506944444444443
229800.0 16.51388888888889
230400.0 16.520833333333332
231000.0 16.222222222222225
231600.0 15.923611111111112
232200.0 15.625
232800.0 15.583333333333334
233400.0 15.541666666666666
234000.0 15.5
234600.0 15.222222222222221
235200.0 14.944444444444445
235800.0 14.666666666666666
236400.0 14.347222222222221
237000.0 14.027777777777779
237600.0 13.708333333333334
238200.0 13.493055555555555
238800.0 13.277777777777779
239400.0 13.0625
240000.0 12.840277777777779
240600.0 12.618055555555555
241200.0 12.395833333333334
241800.0 12.340277777777779
242400.0 12.284722222222221
243000.0 12.229166666666666
243600.0 12.118055555555557
244200.0 12.006944444444443
244800.0 11.895833333333334
245400.0 11.763888888888888
246000.0 11.631944444444445
246600.0 11.5
247200.0 11.465277777777779
247800.0 11.430555555555555
248400.0 11.395833333333334
249000.0 11.305555555555555
249600.0 11.215277777777779
250200.0 11.125
250800.0 10.923611111111109
251400.0 10.722222222222223
252000.0 10.520833333333334
252600.0 10.340277777777779
253200.0 10.159722222222221
253800.0 9.979166666666666
254400.0 10.083333333333334
255000.0 10.1875
255600.0 10.291666666666666
256200.0 10.6875
256800.0 11.083333333333334
257400.0 11.479166666666666
258000.0 11.569444444444445
258600.0 11.659722222222221
259200.0 11.75
259800.0 11.763888888888891
260400.0 11.777777777777777
261000.0 11.791666666666666
261600.0 11.756944444444445
262200.0 11.722222222222221
262800.0 11.6875
263400.0 11.701388888888891
264000.0 11.715277777777777
264600.0 11.729166666666666
265200.0 11.673611111111112
265800.0 11.618055555555555
266400.0 11.5625
267000.0 11.583333333333334
267600.0 11.604166666666666
268200.0 11.625
268800.0 11.583333333333334
269400.0 11.541666666666666
270000.0 11.5
270600.0 11.541666666666666
271200.0 11.583333333333334
271800.0 11.625
272400.0 11.5625
273000.0 11.5
273600.0 11.4375
274200.0 11.416666666666666
274800.0 11.395833333333334
275400.0 11.375
276000.0 11.291666666666666
276600.0 11.208333333333334
277200.0 11.125
277800.0 11.173611111111109
278400.0 11.222222222222223
279000.0 11.270833333333334
279600.0 11.430555555555555
280200.0 11.590277777777779
280800.0 11.75
281400.0 11.875
282000.0 12.0
282600.0 12.125
283200.0 12.25
283800.0 12.375
284400.0 12.5
285000.0 12.597222222222221
285600.0 12.694444444444445
286200.0 12.791666666666666
286800.0 13.118055555555557
287400.0 13.444444444444443
288000.0 13.770833333333334
288600.0 13.784722222222223
289200.0 13.798611111111109
289800.0 13.8125
290400.0 13.868055555555555
291000.0 13.923611111111112
291600.0 13.979166666666666
292200.0 14.013888888888888
292800.0 14.048611111111112
293400.0 14.083333333333334
294000.0 14.1875
294600.0 14.291666666666666
295200.0 14.395833333333334
295800.0 14.548611111111112
296400.0 14.701388888888888
297000.0 14.854166666666666
297600.0 14.888888888888888
298200.0 14.923611111111112
298800.0 14.958333333333334
299400.0 14.923611111111112
300000.0 14.888888888888888
300600.0 14.854166666666666
301200.0 14.847222222222221
301800.0 14.840277777777779
302400.0 14.833333333333334
303000.0 14.826388888888888
303600.0 14.819444444444445
304200.0 14.8125
304800.0 14.701388888888891
305400.0 14.590277777777777
306000.0 14.479166666666666
306600.0 14.569444444444445
307200.0 14.659722222222221
307800.0 14.75
308400.0 14.756944444444445
309000.0 14.763888888888888
309600.0 14.770833333333334
310200.0 14.75
310800.0 14.729166666666666
311400.0 14.708333333333334
312000.0 14.638888888888888
312600.0 14.569444444444445
313200.0 14.5
313800.0 14.354166666666666
314400.0 14.208333333333334
315000.0 14.0625
315600.0 13.75
316200.0 13.4375
316800.0 13.125
317400.0 13.118055555555555
318000.0 13.111111111111112
318600.0 13.104166666666666
319200.0 12.986111111111112
319800.0 12.868055555555555
320400.0 12.75
321000.0 12.208333333333334
321600.0 11.666666666666666
322200.0 11.125
322800.0 10.923611111111112
323400.0 10.722222222222221
324000.0 10.520833333333334
324600.0 10.472222222222223
325200.0 10.42361111111111
325800.0 10.375
326400.0 10.25
327000.0 10.125
327600.0 10.0
328200.0 9.95138888888889
328800.0 9.902777777777777
329400.0 9.854166666666666
330000.0 9.833333333333334
330600.0 9.8125
331200.0 9.791666666666666
331800.0 9.75
332400.0 9.708333333333334
333000.0 9.666666666666666
333600.0 9.666666666666666
334200.0 9.666666666666666
334800.0 9.666666666666666
335400.0 9.645833333333334
336000.0 9.625
336600.0 9.604166666666666
337200.0 9.569444444444445
337800.0 9.534722222222221
338400.0 9.5
339000.0 9.42361111111111
339600.0 9.347222222222223
340200.0 9.270833333333334
340800.0 9.208333333333334
341400.0 9.145833333333334
342000.0 9.083333333333334
342600.0 9.013888888888888
343200.0 8.944444444444445
343800.0 8.875
344400.0 8.868055555555555
345000.0 8.861111111111112
345600.0 8.854166666666666
346200.0 8.833333333333334
346800.0 8.8125
347400.0 8.791666666666666
348000.0 8.791666666666666
348600.0 8.791666666666666
349200.0 8.791666666666666
349800.0 8.743055555555555
350400.0 8.694444444444445
351000.0 8.645833333333334
351600.0 8.597222222222223
352200.0 8.54861111111111
352800.0 8.5
353400.0 8.4375
354000.0 8.375
354600.0 8.3125
355200.0 8.229166666666666
355800.0 8.145833333333334
356400.0 8.0625
357000.0 8.020833333333334
357600.0 7.979166666666667
358200.0 7.9375
358800.0 7.8125
359400.0 7.6875
360000.0 7.5625
360600.0 7.527777777777778
361200.0 7.493055555555556
361800.0 7.458333333333333
362400.0 7.423611111111111
363000.0 7.388888888888889
363600.0 7.354166666666667
364200.0 7.409722222222222
364800.0 7.465277777777778
365400.0 7.520833333333333
366000.0 7.576388888888889
366600.0 7.631944444444444
367200.0 7.6875
367800.0 7.777777777777778
368400.0 7.868055555555556
369000.0 7.958333333333333
369600.0 8.020833333333334
370200.0 8.083333333333334
370800.0 8.145833333333334
371400.0 8.256944444444445
372000.0 8.368055555555555
372600.0 8.479166666666666
373200.0 8.604166666666666
373800.0 8.729166666666666
374400.0 8.854166666666666
375000.0 8.916666666666666
375600.0 8.979166666666666
376200.0 9.041666666666666
376800.0 9.166666666666666
377400.0 9.291666666666666
378000.0 9.416666666666666
378600.0 9.458333333333334
379200.0 9.5
379800.0 9.541666666666666
380400.0 9.763888888888888
381000.0 9.986111111111112
381600.0 10.208333333333334
382200.0 10.1875
382800.0 10.166666666666666
383400.0 10.145833333333334
384000.0 10.17361111111111
384600.0 10.20138888888889
385200.0 10.229166666666666
385800.0 10.180555555555555
386400.0 10.131944444444445
387000.0 10.083333333333334
387600.0 10.076388888888888
388200.0 10.069444444444445
388800.0 10.0625
389400.0 10.118055555555555
390000.0 10.173611111111112
390600.0 10.229166666666666
391200.0 10.201388888888888
391800.0 10.173611111111112
392400.0 10.145833333333334
393000.0 10.138888888888888
393600.0 10.131944444444445
394200.0 10.125
394800.0 10.208333333333334
395400.0 10.291666666666666
396000.0 10.375
396600.0 10.368055555555555
397200.0 10.361111111111112
397800.0 10.354166666666666
398400.0 10.159722222222221
399000.0 9.965277777777779
399600.0 9.770833333333334
400200.0 9.743055555555555
400800.0 9.715277777777777
401400.0 9.6875
402000.0 9.67361111111111
402600.0 9.659722222222223
403200.0 9.645833333333334
403800.0 9.569444444444445
404400.0 9.493055555555555
405000.0 9.416666666666666
405600.0 9.277777777777777
406200.0 9.13888888888889
406800.0 9.0
407400.0 8.875
408000.0 8.75
408600.0 8.625
409200.0 8.493055555555555
409800.0 8.361111111111112
410400.0 8.229166666666666
411000.0 8.159722222222221
411600.0 8.090277777777779
412200.0 8.020833333333334
412800.0 7.993055555555556
413400.0 7.965277777777778
414000.0 7.9375
414600.0 7.868055555555556
415200.0 7.798611111111111
415800.0 7.729166666666667
416400.0 7.701388888888889
417000.0 7.673611111111111
417600.0 7.645833333333333
418200.0 7.625
418800.0 7.604166666666667
419400.0 7.583333333333333
420000.0 7.527777777777778
420600.0 7.472222222222222
421200.0 7.416666666666667
421800.0 7.402777777777778
422400.0 7.388888888888889
423000.0 7.375
423600.0 7.375
424200.0 7.375
424800.0 7.375
425400.0 7.375
426000.0 7.375
426600.0 7.375
427200.0 7.381944444444444
427800.0 7.388888888888889
428400.0 7.395833333333333
429000.0 7.416666666666667
429600.0 7.4375
430200.0 7.458333333333333
430800.0 7.4305555555555545
431400.0 7.402777777777779
432000.0 7.375
432600.0 7.416666666666667
433200.0 7.458333333333333
433800.0 7.5
434400.0 7.541666666666667
435000.0 7.583333333333333
435600.0 7.625
436200.0 7.708333333333333
436800.0 7.791666666666667
437400.0 7.875
438000.0 7.902777777777779
438600.0 7.9305555555555545
439200.0 7.958333333333333
439800.0 7.958333333333333
440400.0 7.958333333333333
441000.0 7.958333333333333
441600.0 7.9305555555555545
442200.0 7.902777777777779
442800.0 7.875
443400.0 7.854166666666667
444000.0 7.833333333333333
444600.0 7.8125
445200.0 7.722222222222222
445800.0 7.631944444444444
446400.0 7.541666666666667
447000.0 7.472222222222222
447600.0 7.402777777777778
448200.0 7.333333333333333
448800.0 7.333333333333333
449400.0 7.333333333333333
450000.0 7.333333333333333
450600.0 7.3125
451200.0 7.291666666666667
451800.0 7.270833333333333
452400.0 7.284722222222221
453000.0 7.298611111111112
453600.0 7.3125
454200.0 7.340277777777778
454800.0 7.368055555555556
455400.0 7.395833333333333
456000.0 7.465277777777778
456600.0 7.534722222222222
457200.0 7.604166666666667
457800.0 7.6805555555555545
458400.0 7.7569444444444455
459000.0 7.833333333333333
459600.0 7.8055555555555545
460200.0 7.777777777777779
460800.0 7.75
461400.0 7.6875
462000.0 7.625
462600.0 7.5625
463200.0 7.541666666666667
463800.0 7.520833333333333
464400.0 7.5
465000.0 7.4375
465600.0 7.375
466200.0 7.3125
466800.0 7.270833333333333
467400.0 7.229166666666667
468000.0 7.1875
468600.0 7.027777777777778
469200.0 6.868055555555556
469800.0 6.708333333333333
470400.0 6.743055555555556
471000.0 6.777777777777778
471600.0 6.8125
472200.0 6.791666666666667
472800.0 6.770833333333333
473400.0 6.75
474000.0 6.777777777777779
474600.0 6.8055555555555545
475200.0 6.833333333333333
475800.0 6.861111111111111
476400.0 6.888888888888889
477000.0 6.916666666666667
477600.0 6.902777777777779
478200.0 6.888888888888888
478800.0 6.875
479400.0 6.840277777777778
480000.0 6.805555555555556
480600.0 6.770833333333333
481200.0 6.7569444444444455
481800.0 6.7430555555555545
482400.0 6.729166666666667
483000.0 6.694444444444444
483600.0 6.659722222222222
484200.0 6.625
484800.0 6.590277777777778
485400.0 6.555555555555556
486000.0 6.520833333333333
486600.0 6.5069444444444455
487200.0 6.4930555555555545
487800.0 6.479166666666667
488400.0 6.451388888888889
489000.0 6.423611111111111
489600.0 6.395833333333333
490200.0 6.298611111111111
490800.0 6.201388888888889
491400.0 6.104166666666667
492000.0 6.131944444444444
492600.0 6.159722222222222
493200.0 6.1875
493800.0 6.201388888888888
494400.0 6.215277777777779
495000.0 6.229166666666667
495600.0 6.284722222222222
496200.0 6.340277777777778
496800.0 6.395833333333333
497400.0 6.5
498000.0 6.604166666666667
498600.0 6.708333333333333
499200.0 6.840277777777778
499800.0 6.972222222222222
500400.0 7.104166666666667
501000.0 7.111111111111111
501600.0 7.118055555555556
502200.0 7.125
502800.0 7.125
503400.0 7.125
504000.0 7.125
504600.0 7.208333333333333
505200.0 7.291666666666667
505800.0 7.375
506400.0 7.430555555555556
507000.0 7.486111111111111
507600.0 7.541666666666667
508200.0 7.4930555555555545
508800.0 7.4444444444444455
509400.0 7.395833333333333
510000.0 7.326388888888889
510600.0 7.256944444444444
511200.0 7.1875
511800.0 7.243055555555556
512400.0 7.298611111111111
513000.0 7.354166666666667
513600.0 7.395833333333333
514200.0 7.4375
514800.0 7.479166666666667
515400.0 7.513888888888889
516000.0 7.548611111111111
516600.0 7.583333333333333
517200.0 7.597222222222221
517800.0 7.611111111111112
518400.0 7.625
519000.0 7.645833333333333
519600.0 7.666666666666667
520200.0 7.6875
520800.0 7.666666666666667
521400.0 7.645833333333333
522000.0 7.625
522600.0 7.583333333333333
523200.0 7.541666666666667
523800.0 7.5
524400.0 7.493055555555556
525000.0 7.486111111111111
525600.0 7.479166666666667
526200.0 7.479166666666667
526800.0 7.479166666666667
527400.0 7.479166666666667
528000.0 7.465277777777779
528600.0 7.451388888888888
529200.0 7.4375
529800.0 7.451388888888888
530400.0 7.465277777777779
531000.0 7.479166666666667
531600.0 7.486111111111111
532200.0 7.493055555555556
532800.0 7.5
533400.0 7.520833333333333
534000.0 7.541666666666667
534600.0 7.5625
535200.0 7.548611111111112
535800.0 7.534722222222221
536400.0 7.520833333333333
537000.0 7.513888888888889
537600.0 7.506944444444444
538200.0 7.5
538800.0 7.506944444444444
539400.0 7.513888888888889
540000.0 7.520833333333333
540600.0 7.555555555555556
541200.0 7.590277777777778
541800.0 7.625
542400.0 7.611111111111112
543000.0 7.597222222222221
543600.0 7.583333333333333
544200.0 7.590277777777778
544800.0 7.597222222222222
545400.0 7.604166666666667
546000.0 7.631944444444444
546600.0 7.659722222222222
547200.0 7.6875
547800.0 7.708333333333333
548400.0 7.729166666666667
549000.0 7.75
549600.0 7.75
550200.0 7.75
550800.0 7.75
551400.0 7.784722222222222
552000.0 7.819444444444444
552600.0 7.854166666666667
553200.0 7.909722222222222
553800.0 7.965277777777778
554400.0 8.020833333333334
555000.0 8.048611111111112
555600.0 8.076388888888888
556200.0 8.104166666666666
556800.0 8.32638888888889
557400.0 8.54861111111111
558000.0 8.770833333333334
558600.0 9.104166666666666
559200.0 9.4375
559800.0 9.770833333333334
560400.0 9.784722222222223
561000.0 9.79861111111111
561600.0 9.8125
562200.0 9.868055555555555
562800.0 9.923611111111112
563400.0 9.979166666666666
564000.0 9.972222222222221
564600.0 9.965277777777779
565200.0 9.958333333333334
565800.0 9.895833333333334
566400.0 9.833333333333334
567000.0 9.770833333333334
567600.0 9.854166666666666
568200.0 9.9375
568800.0 10.020833333333334
569400.0 10.055555555555555
570000.0 10.090277777777779
570600.0 10.125
571200.0 10.20138888888889
571800.0 10.277777777777777
572400.0 10.354166666666666
573000.0 10.4375
573600.0 10.520833333333334
574200.0 10.604166666666666
574800.0 10.604166666666666
575400.0 10.604166666666666
576000.0 10.604166666666666
576600.0 10.569444444444445
577200.0 10.534722222222221
577800.0 10.5
578400.0 10.527777777777777
579000.0 10.555555555555555
579600.0 10.583333333333334
580200.0 10.548611111111112
580800.0 10.513888888888888
581400.0 10.479166666666666
582000.0 10.430555555555555
582600.0 10.381944444444445
583200.0 10.333333333333334
583800.0 10.229166666666666
584400.0 10.125
585000.0 10.020833333333334
585600.0 10.034722222222223
586200.0 10.04861111111111
586800.0 10.0625
587400.0 10.0625
588000.0 10.0625
588600.0 10.0625
589200.0 10.069444444444445
589800.0 10.076388888888888
590400.0 10.083333333333334
591000.0 10.041666666666666
591600.0 10.0
592200.0 9.958333333333334
592800.0 9.895833333333334
593400.0 9.833333333333334
594000.0 9.770833333333334
594600.0 9.722222222222223
595200.0 9.67361111111111
595800.0 9.625
596400.0 9.569444444444445
597000.0 9.513888888888888
597600.0 9.458333333333334
598200.0 9.395833333333334
598800.0 9.333333333333334
599400.0 9.270833333333334
600000.0 9.215277777777779
600600.0 9.159722222222221
601200.0 9.104166666666666
601800.0 9.069444444444445
602400.0 9.034722222222221
603000.0 9.0
603600.0 8.958333333333334
604200.0 8.916666666666666
604800.0 8.875
605400.0 8.833333333333334
606000.0 8.791666666666666
606600.0 8.75
607200.0 8.756944444444445
607800.0 8.763888888888888
608400.0 8.770833333333334
609000.0 8.729166666666666
609600.0 8.6875
610200.0 8.645833333333334
610800.0 8.625
611400.0 8.604166666666666
612000.0 8.583333333333334
612600.0 8.555555555555555
613200.0 8.527777777777779
613800.0 8.5
614400.0 8.444444444444445
615000.0 8.388888888888888
615600.0 8.333333333333334
616200.0 8.291666666666666
616800.0 8.25
617400.0 8.208333333333334
618000.0 8.1875
618600.0 8.166666666666666
619200.0 8.145833333333334
619800.0 8.138888888888888
620400.0 8.131944444444445
621000.0 8.125
621600.0 8.083333333333334
622200.0 8.041666666666666
622800.0 8.0
623400.0 8.034722222222221
624000.0 8.069444444444445
624600.0 8.104166666666666
625200.0 8.118055555555555
625800.0 8.131944444444445
626400.0 8.145833333333334
627000.0 8.180555555555555
627600.0 8.215277777777779
628200.0 8.25
628800.0 8.319444444444445
629400.0 8.388888888888888
630000.0 8.458333333333334
630600.0 8.479166666666666
631200.0 8.5
631800.0 8.520833333333334
632400.0 8.555555555555555
633000.0 8.590277777777779
633600.0 8.625
634200.0 8.75
634800.0 8.875
635400.0 9.0
636000.0 9.083333333333334
636600.0 9.166666666666666
637200.0 9.25
637800.0 9.284722222222221
638400.0 9.319444444444445
639000.0 9.354166666666666
639600.0 9.1875
640200.0 9.020833333333334
640800.0 8.854166666666666
641400.0 8.465277777777779
642000.0 8.076388888888888
642600.0 7.6875
643200.0 7.666666666666667
643800.0 7.645833333333333
644400.0 7.625
645000.0 7.666666666666667
645600.0 7.708333333333333
646200.0 7.75
646800.0 7.798611111111112
647400.0 7.847222222222221
648000.0 7.895833333333333
648600.0 7.930555555555556
649200.0 7.965277777777778
649800.0 8.0
650400.0 8.034722222222221
651000.0 8.069444444444445
651600.0 8.104166666666666
652200.0 8.145833333333334
652800.0 8.1875
653400.0 8.229166666666666
654000.0 8.277777777777777
654600.0 8.32638888888889
655200.0 8.375
655800.0 8.416666666666666
656400.0 8.458333333333334
657000.0 8.5
657600.0 8.534722222222221
658200.0 8.569444444444445
658800.0 8.604166666666666
659400.0 8.631944444444445
660000.0 8.659722222222221
660600.0 8.6875
661200.0 8.708333333333334
661800.0 8.729166666666666
662400.0 8.75
663000.0 8.75
663600.0 8.75
664200.0 8.75
664800.0 8.756944444444445
665400.0 8.763888888888888
666000.0 8.770833333333334
666600.0 8.763888888888888
667200.0 8.756944444444445
667800.0 8.75
668400.0 8.756944444444445
669000.0 8.763888888888888
669600.0 8.770833333333334
670200.0 8.743055555555555
670800.0 8.715277777777779
671400.0 8.6875
672000.0 8.666666666666666
672600.0 8.645833333333334
673200.0 8.625
673800.0 8.604166666666666
674400.0 8.583333333333334
675000.0 8.5625
675600.0 8.583333333333334
676200.0 8.604166666666666
676800.0 8.625
677400.0 8.631944444444445
678000.0 8.638888888888888
678600.0 8.645833333333334
679200.0 8.645833333333334
679800.0 8.645833333333334
680400.0 8.645833333333334
681000.0 8.638888888888888
681600.0 8.631944444444445
682200.0 8.625
682800.0 8.61111111111111
683400.0 8.597222222222223
684000.0 8.583333333333334
684600.0 8.604166666666666
685200.0 8.625
685800.0 8.645833333333334
686400.0 8.666666666666666
687000.0 8.6875
687600.0 8.708333333333334
688200.0 8.729166666666666
688800.0 8.75
689400.0 8.770833333333334
690000.0 8.805555555555555
690600.0 8.840277777777779
691200.0 8.875
691800.0 8.902777777777779
692400.0 8.930555555555555
693000.0 8.958333333333334
693600.0 8.9375
694200.0 8.916666666666666
694800.0 8.895833333333334
695400.0 8.875
696000.0 8.854166666666666
696600.0 8.833333333333334
697200.0 8.840277777777779
697800.0 8.847222222222221
698400.0 8.854166666666666
699000.0 8.861111111111112
699600.0 8.868055555555555
700200.0 8.875
700800.0 8.847222222222223
701400.0 8.819444444444445
702000.0 8.791666666666666
702600.0 8.756944444444445
703200.0 8.722222222222221
703800.0 8.6875
704400.0 8.666666666666666
705000.0 8.645833333333334
705600.0 8.625
706200.0 8.618055555555555
706800.0 8.611111111111112
707400.0 8.604166666666666
708000.0 8.611111111111112
708600.0 8.618055555555555
709200.0 8.625
709800.0 8.666666666666666
710400.0 8.708333333333334
711000.0 8.75
711600.0 8.791666666666666
712200.0 8.833333333333334
712800.0 8.875
713400.0 8.909722222222221
714000.0 8.944444444444445
714600.0 8.979166666666666
715200.0 9.027777777777777
715800.0 9.07638888888889
716400.0 9.125
717000.0 9.208333333333334
717600.0 9.291666666666666
718200.0 9.375
718800.0 9.48611111111111
719400.0 9.597222222222223
720000.0 9.708333333333334
720600.0 9.798611111111112
721200.0 9.888888888888888
721800.0 9.979166666666666
722400.0 10.090277777777777
723000.0 10.20138888888889
723600.0 10.3125
724200.0 10.354166666666666
724800.0 10.395833333333334
725400.0 10.4375
726000.0 10.541666666666666
726600.0 10.645833333333334
727200.0 10.75
727800.0 10.916666666666666
728400.0 11.083333333333334
729000.0 11.25
729600.0 11.548611111111109
730200.0 11.847222222222223
730800.0 12.145833333333334
731400.0 12.4375
732000.0 12.729166666666666
732600.0 13.020833333333334
733200.0 13.173611111111112
733800.0 13.326388888888888
734400.0 13.479166666666666
735000.0 13.604166666666666
735600.0 13.729166666666666
736200.0 13.854166666666666
736800.0 13.875
737400.0 13.895833333333334
738000.0 13.916666666666666
738600.0 14.041666666666666
739200.0 14.166666666666666
739800.0 14.291666666666666
740400.0 14.25
741000.0 14.208333333333334
741600.0 14.166666666666666
742200.0 14.166666666666666
742800.0 14.166666666666666
743400.0 14.166666666666666
744000.0 14.118055555555557
744600.0 14.069444444444443
745200.0 14.020833333333334
745800.0 13.930555555555555
746400.0 13.840277777777779
747000.0 13.75
747600.0 13.645833333333334
748200.0 13.541666666666666
748800.0 13.4375
749400.0 13.375
750000.0 13.3125
750600.0 13.25
751200.0 13.208333333333334
751800.0 13.166666666666666
752400.0 13.125
753000.0 13.097222222222221
753600.0 13.069444444444445
754200.0 13.041666666666666
754800.0 13.027777777777777
755400.0 13.013888888888891
756000.0 13.0
756600.0 12.958333333333334
757200.0 12.916666666666666
757800.0 12.875
758400.0 12.923611111111109
759000.0 12.972222222222223
759600.0 13.020833333333334
760200.0 12.986111111111112
760800.0 12.951388888888888
761400.0 12.916666666666666
762000.0 12.868055555555557
762600.0 12.819444444444443
763200.0 12.770833333333334
763800.0 12.798611111111112
764400.0 12.826388888888888
765000.0 12.854166666666666
765600.0 12.902777777777777
766200.0 12.951388888888891
766800.0 13.0
767400.0 13.083333333333334
768000.0 13.166666666666666
768600.0 13.25
769200.0 13.201388888888891
769800.0 13.152777777777777
770400.0 13.104166666666666
771000.0 13.111111111111112
771600.0 13.118055555555555
772200.0 13.125
772800.0 13.208333333333334
773400.0 13.291666666666666
774000.0 13.375
774600.0 13.416666666666666
775200.0 13.458333333333334
775800.0 13.5
776400.0 13.576388888888891
777000.0 13.652777777777777
777600.0 13.729166666666666
778200.0 13.770833333333334
778800.0 13.8125
779400.0 13.854166666666666
780000.0 13.805555555555557
780600.0 13.756944444444443
781200.0 13.708333333333334
781800.0 13.652777777777779
782400.0 13.597222222222221
783000.0 13.541666666666666
783600.0 13.479166666666666
784200.0 13.416666666666666
784800.0 13.354166666666666
785400.0 13.3125
786000.0 13.270833333333334
786600.0 13.229166666666666
787200.0 13.236111111111112
787800.0 13.243055555555555
788400.0 13.25
789000.0 13.222222222222221
789600.0 13.194444444444445
790200.0 13.166666666666666
790800.0 13.125
791400.0 13.083333333333334
792000.0 13.041666666666666
792600.0 13.020833333333334
793200.0 13.0
793800.0 12.979166666666666
794400.0 12.909722222222221
795000.0 12.840277777777779
795600.0 12.770833333333334
796200.0 12.75
796800.0 12.729166666666666
797400.0 12.708333333333334
798000.0 12.743055555555555
798600.0 12.777777777777779
799200.0 12.8125
799800.0 12.9375
800400.0 13.0625
801000.0 13.1875
801600.0 13.305555555555555
802200.0 13.423611111111112
802800.0 13.541666666666666
803400.0 13.673611111111112
804000.0 13.805555555555555
804600.0 13.9375
805200.0 14.041666666666666
805800.0 14.145833333333334
806400.0 14.25
807000.0 14.5
807600.0 14.75
808200.0 15.0
808800.0 15.118055555555555
809400.0 15.236111111111112
810000.0 15.354166666666666
810600.0 15.486111111111112
811200.0 15.618055555555555
811800.0 15.75
812400.0 15.888888888888888
813000.0 16.027777777777775
813600.0 16.166666666666668
814200.0 16.40972222222222
814800.0 16.65277777777778
815400.0 16.895833333333332
816000.0 16.743055555555554
816600.0 16.59027777777778
817200.0 16.4375
817800.0 16.65277777777778
818400.0 16.868055555555554
819000.0 17.083333333333332
819600.0 17.131944444444443
820200.0 17.180555555555557
820800.0 17.229166666666668
821400.0 17.20138888888889
822000.0 17.17361111111111
822600.0 17.145833333333332
823200.0 17.368055555555557
823800.0 17.590277777777775
824400.0 17.8125
825000.0 17.805555555555557
825600.0 17.79861111111111
826200.0 17.791666666666668
826800.0 17.8125
827400.0 17.833333333333332
828000.0 17.854166666666668
828600.0 18.041666666666668
829200.0 18.229166666666668
829800.0 18.416666666666668
830400.0 18.055555555555554
831000.0 17.694444444444446
831600.0 17.333333333333332
832200.0 17.125
832800.0 16.916666666666668
833400.0 16.708333333333332
834000.0 16.430555555555554
834600.0 16.15277777777778
835200.0 15.875
835800.0 15.715277777777779
836400.0 15.555555555555555
837000.0 15.395833333333334
837600.0 15.256944444444443
838200.0 15.118055555555557
838800.0 14.979166666666666
839400.0 14.861111111111112
840000.0 14.743055555555555
840600.0 14.625
841200.0 14.5
841800.0 14.375
842400.0 14.25
843000.0 14.125
843600.0 14.0
844200.0 13.875
844800.0 13.770833333333334
845400.0 13.666666666666666
846000.0 13.5625
846600.0 13.520833333333334
847200.0 13.479166666666666
847800.0 13.4375
848400.0 13.319444444444445
849000.0 13.201388888888888
849600.0 13.083333333333334
850200.0 13.055555555555557
850800.0 13.027777777777777
851400.0 13.0
852000.0 12.916666666666666
852600.0 12.833333333333334
853200.0 12.75
853800.0 12.743055555555557
854400.0 12.736111111111109
855000.0 12.729166666666666
855600.0 12.652777777777779
856200.0 12.576388888888888
856800.0 12.5
857400.0 12.458333333333334
858000.0 12.416666666666666
858600.0 12.375
859200.0 12.402777777777777
859800.0 12.430555555555557
860400.0 12.458333333333334
861000.0 12.395833333333334
861600.0 12.333333333333334
862200.0 12.270833333333334
862800.0 12.333333333333334
863400.0 12.395833333333334
864000.0 12.458333333333334
864600.0 12.395833333333334
865200.0 12.333333333333334
865800.0 12.270833333333334
866400.0 12.243055555555555
867000.0 12.215277777777779
867600.0 12.1875
868200.0 12.104166666666666
868800.0 12.020833333333334
869400.0 11.9375
870000.0 11.895833333333334
870600.0 11.854166666666666
871200.0 11.8125
871800.0 11.798611111111109
872400.0 11.784722222222223
873000.0 11.770833333333334
873600.0 11.770833333333334
874200.0 11.770833333333334
874800.0 11.770833333333334
875400.0 11.6875
876000.0 11.604166666666666
876600.0 11.520833333333334
877200.0 11.472222222222223
877800.0 11.423611111111109
878400.0 11.375
879000.0 11.291666666666666
879600.0 11.208333333333334
880200.0 11.125
880800.0 11.138888888888888
881400.0 11.152777777777779
882000.0 11.166666666666666
882600.0 11.138888888888891
883200.0 11.111111111111109
883800.0 11.083333333333334
884400.0 11.180555555555557
885000.0 11.277777777777777
885600.0 11.375
886200.0 11.590277777777777
886800.0 11.805555555555557
887400.0 12.020833333333334
888000.0 12.25
888600.0 12.479166666666666
889200.0 12.708333333333334
889800.0 13.263888888888891
890400.0 13.819444444444443
891000.0 14.375
891600.0 14.666666666666666
892200.0 14.958333333333334
892800.0 15.25
893400.0 15.569444444444445
894000.0 15.888888888888888
894600.0 16.208333333333332
895200.0 16.4375
895800.0 16.666666666666668
896400.0 16.895833333333332
897000.0 17.194444444444446
897600.0 17.493055555555554
898200.0 17.791666666666668
898800.0 17.944444444444443
899400.0 18.097222222222225
900000.0 18.25
900600.0 18.444444444444443
901200.0 18.63888888888889
901800.0 18.833333333333332
902400.0 18.965277777777775
903000.0 19.097222222222225
903600.0 19.229166666666668
904200.0 19.42361111111111
904800.0 19.618055555555557
905400.0 19.8125
906000.0 19.95138888888889
906600.0 20.09027777777778
907200.0 20.229166666666668
907800.0 20.395833333333332
908400.0 20.5625
909000.0 20.729166666666668
909600.0 20.75
910200.0 20.770833333333332
910800.0 20.791666666666668
911400.0 20.75
912000.0 20.708333333333332
912600.0 20.666666666666668
913200.0 20.645833333333332
913800.0 20.625
914400.0 20.604166666666668
915000.0 20.215277777777775
915600.0 19.82638888888889
916200.0 19.4375
916800.0 19.590277777777775
917400.0 19.743055555555557
918000.0 19.895833333333332
918600.0 19.944444444444443
919200.0 19.993055555555557
919800.0 20.041666666666668
920400.0 19.958333333333332
921000.0 19.875
921600.0 19.791666666666668
922200.0 19.5625
922800.0 19.333333333333332
923400.0 19.104166666666668
924000.0 18.90277777777778
924600.0 18.70138888888889
925200.0 18.5
925800.0 18.125
926400.0 17.75
927000.0 17.375
927600.0 17.020833333333332
928200.0 16.666666666666668
928800.0 16.3125
929400.0 16.26388888888889
930000.0 16.21527777777778
930600.0 16.166666666666668
931200.0 15.868055555555557
931800.0 15.569444444444445
932400.0 15.270833333333334
933000.0 15.006944444444445
933600.0 14.743055555555555
934200.0 14.479166666666666
934800.0 14.361111111111112
935400.0 14.243055555555555
936000.0 14.125
936600.0 14.395833333333334
937200.0 14.666666666666666
937800.0 14.9375
938400.0 14.777777777777779
939000.0 14.618055555555555
939600.0 14.458333333333334
940200.0 14.291666666666666
940800.0 14.125
941400.0 13.958333333333334
942000.0 13.8125
942600.0 13.666666666666666
943200.0 13.520833333333334
943800.0 13.354166666666666
944400.0 13.1875
945000.0 13.020833333333334
945600.0 12.888888888888888
946200.0 12.756944444444445
946800.0 12.625
947400.0 12.659722222222221
948000.0 12.694444444444445
948600.0 12.729166666666666
949200.0 12.611111111111112
949800.0 12.493055555555555
950400.0 12.375
951000.0 12.347222222222221
951600.0 12.319444444444445
952200.0 12.291666666666666
952800.0 12.243055555555557
953400.0 12.194444444444443
954000.0 12.145833333333334
954600.0 12.076388888888888
955200.0 12.006944444444445
955800.0 11.9375
956400.0 11.805555555555555
957000.0 11.673611111111112
957600.0 11.541666666666666
958200.0 11.527777777777777
958800.0 11.513888888888891
959400.0 11.5
960000.0 11.465277777777779
960600.0 11.430555555555555
961200.0 11.395833333333334
961800.0 11.395833333333334
962400.0 11.395833333333334
963000.0 11.395833333333334
963600.0 11.236111111111112
964200.0 11.076388888888888
964800.0 10.916666666666666
965400.0 10.881944444444445
966000.0 10.847222222222221
966600.0 10.8125
967200.0 10.652777777777779
967800.0 10.493055555555555
968400.0 10.333333333333334
969000.0 10.395833333333334
969600.0 10.458333333333334
970200.0 10.520833333333334
970800.0 10.604166666666666
971400.0 10.6875
972000.0 10.770833333333334
972600.0 11.375
973200.0 11.979166666666666
973800.0 12.583333333333334
974400.0 12.972222222222221
975000.0 13.361111111111112
975600.0 13.75
976200.0 13.958333333333334
976800.0 14.166666666666666
977400.0 14.375
978000.0 14.673611111111109
978600.0 14.972222222222223
979200.0 15.270833333333334
979800.0 15.472222222222223
980400.0 15.673611111111109
981000.0 15.875
981600.0 15.972222222222223
982200.0 16.069444444444446
982800.0 16.166666666666668
983400.0 15.965277777777779
984000.0 15.763888888888891
984600.0 15.5625
985200.0 15.819444444444445
985800.0 16.07638888888889
986400.0 16.333333333333332
987000.0 16.666666666666668
987600.0 17.0
988200.0 17.333333333333332
988800.0 17.208333333333332
989400.0 17.083333333333332
990000.0 16.958333333333332
990600.0 17.444444444444443
991200.0 17.930555555555557
991800.0 18.416666666666668
992400.0 18.51388888888889
993000.0 18.61111111111111
993600.0 18.708333333333332
994200.0 18.791666666666668
994800.0 18.875
995400.0 18.958333333333332
996000.0 19.041666666666668
996600.0 19.125
997200.0 19.208333333333332
997800.0 19.11111111111111
998400.0 19.01388888888889
999000.0 18.916666666666668
999600.0 18.993055555555554
1000200.0 19.069444444444446
1000800.0 19.145833333333332
1001400.0 19.020833333333332
1002000.0 18.895833333333332
1002600.0 18.770833333333332
1003200.0 18.75
1003800.0 18.729166666666668
1004400.0 18.708333333333332
1005000.0 18.569444444444443
1005600.0 18.430555555555557
1006200.0 18.291666666666668
1006800.0 18.125
1007400.0 17.958333333333332
1008000.0 17.791666666666668
1008600.0 17.555555555555557
1009200.0 17.319444444444443
1009800.0 17.083333333333332
1010400.0 16.833333333333332
1011000.0 16.583333333333332
1011600.0 16.333333333333332
1012200.0 16.131944444444446
1012800.0 15.930555555555557
1013400.0 15.729166666666666
1014000.0 15.569444444444445
1014600.0 15.409722222222221
1015200.0 15.25
1015800.0 15.125
1016400.0 15.0
1017000.0 14.875
1017600.0 14.715277777777779
1018200.0 14.555555555555555
1018800.0 14.395833333333334
1019400.0 14.263888888888888
1020000.0 14.131944444444445
1020600.0 14.0
1021200.0 13.875
1021800.0 13.75
1022400.0 13.625
1023000.0 13.541666666666666
1023600.0 13.458333333333334
1024200.0 13.375
1024800.0 13.222222222222221
1025400.0 13.069444444444445
1026000.0 12.916666666666666
1026600.0 12.819444444444445
1027200.0 12.722222222222221
1027800.0 12.625
1028400.0 12.527777777777777
1029000.0 12.430555555555557
1029600.0 12.333333333333334
1030200.0 12.3125
1030800.0 12.291666666666666
1031400.0 12.270833333333334
1032000.0 12.138888888888888
1032600.0 12.006944444444445
1033200.0 11.875
1033800.0 11.618055555555557
1034400.0 11.361111111111109
1035000.0 11.104166666666666
1035600.0 11.055555555555557
1036200.0 11.006944444444443
1036800.0 10.958333333333334
1037400.0 10.861111111111112
1038000.0 10.763888888888888
1038600.0 10.666666666666666
1039200.0 10.604166666666666
1039800.0 10.541666666666666
1040400.0 10.479166666666666
1041000.0 10.430555555555555
1041600.0 10.381944444444445
1042200.0 10.333333333333334
1042800.0 10.284722222222223
1043400.0 10.23611111111111
1044000.0 10.1875
1044600.0 10.194444444444445
1045200.0 10.20138888888889
1045800.0 10.208333333333334
1046400.0 10.0625
1047000.0 9.916666666666666
1047600.0 9.770833333333334
1048200.0 9.680555555555555
1048800.0 9.590277777777779
1049400.0 9.5
1050000.0 9.444444444444445
1050600.0 9.388888888888888
1051200.0 9.333333333333334
1051800.0 9.263888888888888
1052400.0 9.194444444444445
1053000.0 9.125
1053600.0 9.125
1054200.0 9.125
1054800.0 9.125
1055400.0 9.0625
1056000.0 9.0
1056600.0 8.9375
1057200.0 9.090277777777779
1057800.0 9.243055555555555
1058400.0 9.395833333333334
1059000.0 9.666666666666666
1059600.0 9.9375
1060200.0 10.208333333333334
1060800.0 10.45138888888889
1061400.0 10.694444444444443
1062000.0 10.9375
1062600.0 11.451388888888891
1063200.0 11.965277777777777
1063800.0 12.479166666666666
1064400.0 12.805555555555555
1065000.0 13.131944444444445
1065600.0 13.458333333333334
1066200.0 13.902777777777779
1066800.0 14.347222222222221
1067400.0 14.791666666666666
1068000.0 15.090277777777779
1068600.0 15.388888888888888
1069200.0 15.6875
1069800.0 15.840277777777779
1070400.0 15.993055555555555
1071000.0 16.145833333333332
1071600.0 16.47222222222222
1072200.0 16.79861111111111
1072800.0 17.125
1073400.0 17.277777777777775
1074000.0 17.430555555555557
1074600.0 17.583333333333332
1075200.0 17.743055555555554
1075800.0 17.90277777777778
1076400.0 18.0625
1077000.0 18.23611111111111
1077600.0 18.409722222222225
1078200.0 18.583333333333332
1078800.0 18.631944444444443
1079400.0 18.680555555555557
1080000.0 18.729166666666668
1080600.0 18.51388888888889
1081200.0 18.29861111111111
1081800.0 18.083333333333332
1082400.0 18.194444444444446
1083000.0 18.305555555555554
1083600.0 18.416666666666668
1084200.0 18.375
1084800.0 18.333333333333332
1085400.0 18.291666666666668
1086000.0 18.354166666666668
1086600.0 18.416666666666668
1087200.0 18.479166666666668
1087800.0 18.54861111111111
1088400.0 18.618055555555557
1089000.0 18.6875
1089600.0 18.680555555555557
1090200.0 18.67361111111111
1090800.0 18.666666666666668
1091400.0 18.347222222222225
1092000.0 18.027777777777775
1092600.0 17.708333333333332
1093200.0 17.402777777777775
1093800.0 17.097222222222225
1094400.0 16.791666666666668
1095000.0 16.40277777777778
1095600.0 16.01388888888889
1096200.0 15.625
1096800.0 15.402777777777777
1097400.0 15.180555555555557
1098000.0 14.958333333333334
1098600.0 14.791666666666666
1099200.0 14.625
1099800.0 14.458333333333334
1100400.0 14.368055555555557
1101000.0 14.277777777777777
1101600.0 14.1875
1102200.0 13.986111111111112
1102800.0 13.784722222222221
1103400.0 13.583333333333334
1104000.0 13.5
1104600.0 13.416666666666666
1105200.0 13.333333333333334
1105800.0 13.256944444444445
1106400.0 13.180555555555555
1107000.0 13.104166666666666
1107600.0 13.013888888888888
1108200.0 12.923611111111112
1108800.0 12.833333333333334
1109400.0 12.875
1110000.0 12.916666666666666
1110600.0 12.958333333333334
1111200.0 12.847222222222221
1111800.0 12.736111111111112
1112400.0 12.625
1113000.0 12.361111111111112
1113600.0 12.097222222222221
1114200.0 11.833333333333334
1114800.0 11.763888888888888
1115400.0 11.694444444444445
1116000.0 11.625
1116600.0 11.506944444444445
1117200.0 11.388888888888888
1117800.0 11.270833333333334
1118400.0 11.159722222222221
1119000.0 11.048611111111112
1119600.0 10.9375
1120200.0 10.875
1120800.0 10.8125
1121400.0 10.75
1122000.0 10.777777777777779
1122600.0 10.805555555555555
1123200.0 10.833333333333334
1123800.0 10.708333333333334
1124400.0 10.583333333333334
1125000.0 10.458333333333334
1125600.0 10.4375
1126200.0 10.416666666666666
1126800.0 10.395833333333334
1127400.0 10.305555555555555
1128000.0 10.215277777777777
1128600.0 10.125
1129200.0 10.125
1129800.0 10.125
1130400.0 10.125
1131000.0 10.104166666666666
1131600.0 10.083333333333334
1132200.0 10.0625
1132800.0 9.944444444444445
1133400.0 9.82638888888889
1134000.0 9.708333333333334
1134600.0 9.86111111111111
1135200.0 10.01388888888889
1135800.0 10.166666666666666
1136400.0 9.979166666666666
1137000.0 9.791666666666666
1137600.0 9.604166666666666
1138200.0 9.840277777777777
1138800.0 10.07638888888889
1139400.0 10.3125
1140000.0 10.04861111111111
1140600.0 9.784722222222223
1141200.0 9.520833333333334
1141800.0 9.569444444444445
1142400.0 9.618055555555555
1143000.0 9.666666666666666
1143600.0 9.729166666666666
1144200.0 9.791666666666666
1144800.0 9.854166666666666
1145400.0 10.0625
1146000.0 10.270833333333334
1146600.0 10.479166666666666
1147200.0 10.590277777777779
1147800.0 10.701388888888888
1148400.0 10.8125
1149000.0 11.055555555555555
1149600.0 11.298611111111112
1150200.0 11.541666666666666
1150800.0 11.9375
1151400.0 12.333333333333334
1152000.0 12.729166666666666
1152600.0 13.236111111111112
1153200.0 13.743055555555555
1153800.0 14.25
1154400.0 14.708333333333334
1155000.0 15.166666666666666
1155600.0 15.625
1156200.0 15.826388888888891
1156800.0 16.02777777777778
1157400.0 16.229166666666668
1158000.0 16.32638888888889
1158600.0 16.42361111111111
1159200.0 16.520833333333332
1159800.0 16.96527777777778
1160400.0 17.40972222222222
1161000.0 17.854166666666668
1161600.0 18.083333333333332
1162200.0 18.3125
1162800.0 18.541666666666668
1163400.0 18.652777777777775
1164000.0 18.76388888888889
1164600.0 18.875
1165200.0 19.069444444444443
1165800.0 19.26388888888889
1166400.0 19.458333333333332
1167000.0 19.472222222222225
1167600.0 19.48611111111111
1168200.0 19.5
1168800.0 19.54861111111111
1169400.0 19.597222222222225
1170000.0 19.645833333333332
1170600.0 19.694444444444446
1171200.0 19.743055555555554
1171800.0 19.791666666666668
1172400.0 19.805555555555557
1173000.0 19.819444444444443
1173600.0 19.833333333333332
1174200.0 19.833333333333332
1174800.0 19.833333333333332
1175400.0 19.833333333333332
1176000.0 19.79861111111111
1176600.0 19.76388888888889
1177200.0 19.729166666666668
1177800.0 19.61111111111111
1178400.0 19.493055555555554
1179000.0 19.375
1179600.0 19.222222222222225
1180200.0 19.069444444444443
1180800.0 18.916666666666668
1181400.0 18.284722222222225
1182000.0 17.652777777777775
1182600.0 17.020833333333332
1183200.0 16.680555555555557
1183800.0 16.340277777777775
1184400.0 16.0
1185000.0 15.756944444444445
1185600.0 15.513888888888888
1186200.0 15.270833333333334
1186800.0 15.138888888888888
1187400.0 15.006944444444445
1188000.0 14.875
1188600.0 14.597222222222221
1189200.0 14.319444444444445
1189800.0 14.041666666666666
1190400.0 13.972222222222221
1191000.0 13.902777777777779
1191600.0 13.833333333333334
1192200.0 13.798611111111112
1192800.0 13.763888888888888
1193400.0 13.729166666666666
1194000.0 13.638888888888888
1194600.0 13.548611111111112
1195200.0 13.458333333333334
1195800.0 13.125
1196400.0 12.791666666666666
1197000.0 12.458333333333334
1197600.0 12.263888888888888
1198200.0 12.069444444444445
1198800.0 11.875
1199400.0 11.756944444444445
1200000.0 11.638888888888888
1200600.0 11.520833333333334
1201200.0 11.513888888888888
1201800.0 11.506944444444445
1202400.0 11.5
1203000.0 11.416666666666666
1203600.0 11.333333333333334
1204200.0 11.25
1204800.0 11.180555555555555
1205400.0 11.111111111111112
1206000.0 11.041666666666666
1206600.0 11.027777777777779
1207200.0 11.013888888888888
1207800.0 11.0
1208400.0 10.9375
1209000.0 10.875
1209600.0 10.8125
1210200.0 10.756944444444445
1210800.0 10.701388888888888
1211400.0 10.645833333333334
1212000.0 10.5625
1212600.0 10.479166666666666
1213200.0 10.395833333333334
1213800.0 10.333333333333334
1214400.0 10.270833333333334
1215000.0 10.208333333333334
1215600.0 10.145833333333334
1216200.0 10.083333333333334
1216800.0 10.020833333333334
1217400.0 9.881944444444445
1218000.0 9.743055555555555
1218600.0 9.604166666666666
1219200.0 9.611111111111112
1219800.0 9.618055555555555
1220400.0 9.625
1221000.0 9.569444444444445
1221600.0 9.513888888888888
1222200.0 9.458333333333334
1222800.0 9.340277777777779
1223400.0 9.222222222222221
1224000.0 9.104166666666666
1224600.0 8.958333333333334
1225200.0 8.8125
1225800.0 8.666666666666666
1226400.0 8.659722222222221
1227000.0 8.652777777777779
1227600.0 8.645833333333334
1228200.0 8.569444444444445
1228800.0 8.493055555555555
1229400.0 8.416666666666666
1230000.0 8.548611111111112
1230600.0 8.680555555555555
1231200.0 8.8125
1231800.0 9.013888888888888
1232400.0 9.215277777777779
1233000.0 9.416666666666666
1233600.0 9.645833333333334
1234200.0 9.875
1234800.0 10.104166666666666
1235400.0 10.465277777777777
1236000.0 10.826388888888891
1236600.0 11.1875
1237200.0 11.555555555555555
1237800.0 11.923611111111112
1238400.0 12.291666666666666
1239000.0 12.631944444444445
1239600.0 12.972222222222221
1240200.0 13.3125
1240800.0 13.576388888888891
1241400.0 13.840277777777777
1242000.0 14.104166666666666
1242600.0 14.465277777777777
1243200.0 14.826388888888891
1243800.0 15.1875
1244400.0 15.493055555555555
1245000.0 15.798611111111112
1245600.0 16.104166666666668
1246200.0 16.42361111111111
1246800.0 16.743055555555557
1247400.0 17.0625
1248000.0 17.256944444444446
1248600.0 17.45138888888889
1249200.0 17.645833333333332
1249800.0 17.875
1250400.0 18.104166666666668
1251000.0 18.333333333333332
1251600.0 18.472222222222225
1252200.0 18.61111111111111
1252800.0 18.75
1253400.0 18.79861111111111
1254000.0 18.84722222222222
1254600.0 18.895833333333332
1255200.0 18.944444444444443
1255800.0 18.993055555555557
1256400.0 19.041666666666668
1257000.0 18.958333333333332
1257600.0 18.875
1258200.0 18.791666666666668
1258800.0 18.881944444444443
1259400.0 18.972222222222225
1260000.0 19.0625
1260600.0 19.0
1261200.0 18.9375
1261800.0 18.875
1262400.0 18.833333333333332
1263000.0 18.791666666666668
1263600.0 18.75
1264200.0 18.48611111111111
1264800.0 18.222222222222225
1265400.0 17.958333333333332
1266000.0 17.666666666666668
1266600.0 17.375
1267200.0 17.083333333333332
1267800.0 16.76388888888889
1268400.0 16.444444444444446
1269000.0 16.125
1269600.0 15.847222222222223
1270200.0 15.569444444444443
1270800.0 15.291666666666666
1271400.0 15.020833333333334
1272000.0 14.75
1272600.0 14.479166666666666
1273200.0 14.347222222222221
1273800.0 14.215277777777779
1274400.0 14.083333333333334
1275000.0 13.9375
1275600.0 13.791666666666666
1276200.0 13.645833333333334
1276800.0 13.541666666666666
1277400.0 13.4375
1278000.0 13.333333333333334
1278600.0 13.222222222222223
1279200.0 13.111111111111109
1279800.0 13.0
1280400.0 12.868055555555555
1281000.0 12.736111111111112
1281600.0 12.604166666666666
1282200.0 12.5
1282800.0 12.395833333333334
1283400.0 12.291666666666666
1284000.0 12.222222222222221
1284600.0 12.152777777777779
1285200.0 12.083333333333334
1285800.0 12.013888888888888
1286400.0 11.944444444444445
1287000.0 11.875
1287600.0 11.666666666666666
1288200.0 11.458333333333334
1288800.0 11.25
1289400.0 11.222222222222221
1290000.0 11.194444444444445
1290600.0 11.166666666666666
1291200.0 11.090277777777779
1291800.0 11.013888888888888
1292400.0 10.9375
1293000.0 10.854166666666666
1293600.0 10.770833333333334
1294200.0 10.6875
1294800.0 10.618055555555555
1295400.0 10.548611111111112
1296000.0 10.479166666666666
1296600.0 10.520833333333334
1297200.0 10.5625
1297800.0 10.604166666666666
1298400.0 10.486111111111112
1299000.0 10.368055555555555
1299600.0 10.25
1300200.0 10.23611111111111
1300800.0 10.222222222222223
1301400.0 10.208333333333334
1302000.0 10.229166666666666
1302600.0 10.25
1303200.0 10.270833333333334
1303800.0 10.277777777777779
1304400.0 10.284722222222221
1305000.0 10.291666666666666
1305600.0 10.347222222222221
1306200.0 10.402777777777779
1306800.0 10.458333333333334
1307400.0 10.416666666666666
1308000.0 10.375
1308600.0 10.333333333333334
1309200.0 10.25
1309800.0 10.166666666666666
1310400.0 10.083333333333334
1311000.0 10.0625
1311600.0 10.041666666666666
1312200.0 10.020833333333334
1312800.0 9.972222222222223
1313400.0 9.92361111111111
1314000.0 9.875
1314600.0 9.826388888888888
1315200.0 9.777777777777779
1315800.0 9.729166666666666
1316400.0 9.79861111111111
1317000.0 9.868055555555555
1317600.0 9.9375
1318200.0 10.027777777777779
1318800.0 10.118055555555555
1319400.0 10.208333333333334
1320000.0 10.513888888888888
1320600.0 10.819444444444445
1321200.0 11.125
1321800.0 11.381944444444445
1322400.0 11.638888888888888
1323000.0 11.895833333333334
1323600.0 12.291666666666666
1324200.0 12.6875
1324800.0 13.083333333333334
1325400.0 13.486111111111112
1326000.0 13.888888888888888
1326600.0 14.291666666666666
1327200.0 14.673611111111109
1327800.0 15.055555555555557
1328400.0 15.4375
1329000.0 15.770833333333334
1329600.0 16.104166666666668
1330200.0 16.4375
1330800.0 16.756944444444443
1331400.0 17.07638888888889
1332000.0 17.395833333333332
1332600.0 17.73611111111111
1333200.0 18.07638888888889
1333800.0 18.416666666666668
1334400.0 18.541666666666668
1335000.0 18.666666666666668
1335600.0 18.791666666666668
1336200.0 18.944444444444443
1336800.0 19.097222222222225
1337400.0 19.25
1338000.0 19.354166666666668
1338600.0 19.458333333333332
1339200.0 19.5625
1339800.0 19.6875
1340400.0 19.8125
1341000.0 19.9375
1341600.0 19.979166666666668
1342200.0 20.020833333333332
1342800.0 20.0625
1343400.0 20.055555555555557
1344000.0 20.04861111111111
1344600.0 20.041666666666668
1345200.0 20.041666666666668
1345800.0 20.041666666666668
1346400.0 20.041666666666668
1347000.0 20.0
1347600.0 19.958333333333332
1348200.0 19.916666666666668
1348800.0 19.805555555555554
1349400.0 19.694444444444446
1350000.0 19.583333333333332
1350600.0 19.368055555555557
1351200.0 19.152777777777775
1351800.0 18.9375
1352400.0 18.708333333333332
1353000.0 18.479166666666668
1353600.0 18.25
1354200.0 17.979166666666668
1354800.0 17.708333333333332
1355400.0 17.4375
1356000.0 17.159722222222225
1356600.0 16.881944444444443
1357200.0 16.604166666666668
1357800.0 16.430555555555554
1358400.0 16.256944444444446
1359000.0 16.083333333333332
1359600.0 15.847222222222221
1360200.0 15.611111111111112
1360800.0 15.375
1361400.0 15.208333333333334
1362000.0 15.041666666666666
1362600.0 14.875
1363200.0 14.75
1363800.0 14.625
1364400.0 14.5
1365000.0 14.458333333333334
1365600.0 14.416666666666666
1366200.0 14.375
1366800.0 14.326388888888891
1367400.0 14.277777777777777
1368000.0 14.229166666666666
1368600.0 14.027777777777777
1369200.0 13.826388888888891
1369800.0 13.625
1370400.0 13.5
1371000.0 13.375
1371600.0 13.25
1372200.0 13.131944444444445
1372800.0 13.013888888888888
1373400.0 12.895833333333334
1374000.0 12.847222222222221
1374600.0 12.798611111111112
1375200.0 12.75
1375800.0 12.666666666666666
1376400.0 12.583333333333334
1377000.0 12.5
1377600.0 12.444444444444445
1378200.0 12.388888888888888
1378800.0 12.333333333333334
1379400.0 12.229166666666666
1380000.0 12.125
1380600.0 12.020833333333334
1381200.0 12.020833333333334
1381800.0 12.020833333333334
1382400.0 12.020833333333334
1383000.0 11.819444444444443
1383600.0 11.618055555555557
1384200.0 11.416666666666666
1384800.0 11.152777777777777
1385400.0 10.888888888888891
1386000.0 10.625
1386600.0 10.6875
1387200.0 10.75
1387800.0 10.8125
1388400.0 10.875
1389000.0 10.9375
1389600.0 11.0
1390200.0 10.9375
1390800.0 10.875
1391400.0 10.8125
1392000.0 10.791666666666666
1392600.0 10.770833333333334
1393200.0 10.75
1393800.0 10.652777777777777
1394400.0 10.555555555555555
1395000.0 10.458333333333334
1395600.0 10.409722222222223
1396200.0 10.36111111111111
1396800.0 10.3125
1397400.0 10.38888888888889
1398000.0 10.465277777777777
1398600.0 10.541666666666666
1399200.0 10.631944444444445
1399800.0 10.722222222222221
1400400.0 10.8125
1401000.0 10.965277777777779
1401600.0 11.118055555555555
1402200.0 11.270833333333334
1402800.0 11.388888888888888
1403400.0 11.506944444444445
1404000.0 11.625
1404600.0 11.625
1405200.0 11.625
1405800.0 11.625
1406400.0 11.618055555555555
1407000.0 11.611111111111112
1407600.0 11.604166666666666
1408200.0 11.729166666666666
1408800.0 11.854166666666666
1409400.0 11.979166666666666
1410000.0 12.145833333333334
1410600.0 12.3125
1411200.0 12.479166666666666
1411800.0 12.5625
1412400.0 12.645833333333334
1413000.0 12.729166666666666
1413600.0 12.805555555555557
1414200.0 12.881944444444443
1414800.0 12.958333333333334
1415400.0 13.034722222222223
1416000.0 13.111111111111109
1416600.0 13.1875
1417200.0 13.208333333333334
1417800.0 13.229166666666666
1418400.0 13.25
1419000.0 13.305555555555555
1419600.0 13.361111111111112
1420200.0 13.416666666666666
1420800.0 13.541666666666666
1421400.0 13.666666666666666
1422000.0 13.791666666666666
1422600.0 13.944444444444445
1423200.0 14.097222222222221
1423800.0 14.25
1424400.0 14.152777777777777
1425000.0 14.055555555555557
1425600.0 13.958333333333334
1426200.0 14.111111111111109
1426800.0 14.263888888888891
1427400.0 14.416666666666666
1428000.0 14.291666666666666
1428600.0 14.166666666666666
1429200.0 14.041666666666666
1429800.0 13.944444444444443
1430400.0 13.847222222222223
1431000.0 13.75
1431600.0 13.972222222222223
1432200.0 14.194444444444443
1432800.0 14.416666666666666
1433400.0 14.576388888888888
1434000.0 14.736111111111112
1434600.0 14.895833333333334
1435200.0 14.840277777777779
1435800.0 14.784722222222221
1436400.0 14.729166666666666
1437000.0 14.694444444444445
1437600.0 14.659722222222221
1438200.0 14.625
1438800.0 14.395833333333334
1439400.0 14.166666666666666
1440000.0 13.9375
1440600.0 13.8125
1441200.0 13.6875
1441800.0 13.5625
1442400.0 13.423611111111109
1443000.0 13.284722222222223
1443600.0 13.145833333333334
1444200.0 13.069444444444443
1444800.0 12.993055555555557
1445400.0 12.916666666666666
1446000.0 12.694444444444443
1446600.0 12.472222222222223
1447200.0 12.25
1447800.0 12.097222222222221
1448400.0 11.944444444444445
1449000.0 11.791666666666666
1449600.0 11.680555555555557
1450200.0 11.569444444444443
1450800.0 11.458333333333334
1451400.0 11.354166666666666
1452000.0 11.25
1452600.0 11.145833333333334
1453200.0 11.138888888888888
1453800.0 11.131944444444445
1454400.0 11.125
1455000.0 11.333333333333334
1455600.0 11.541666666666666
1456200.0 11.75
1456800.0 11.625
1457400.0 11.5
1458000.0 11.375
1458600.0 11.291666666666666
1459200.0 11.208333333333334
1459800.0 11.125
1460400.0 10.923611111111109
1461000.0 10.722222222222223
1461600.0 10.520833333333334
1462200.0 10.368055555555555
1462800.0 10.215277777777779
1463400.0 10.0625
1464000.0 10.284722222222223
1464600.0 10.506944444444445
1465200.0 10.729166666666666
1465800.0 10.861111111111112
1466400.0 10.993055555555555
1467000.0 11.125
1467600.0 11.298611111111109
1468200.0 11.472222222222223
1468800.0 11.645833333333334
1469400.0 11.631944444444443
1470000.0 11.618055555555557
1470600.0 11.604166666666666
1471200.0 11.694444444444445
1471800.0 11.784722222222221
1472400.0 11.875
1473000.0 11.944444444444445
1473600.0 12.013888888888888
1474200.0 12.083333333333334
1474800.0 12.118055555555555
1475400.0 12.152777777777779
1476000.0 12.1875
1476600.0 12.173611111111109
1477200.0 12.159722222222223
1477800.0 12.145833333333334
1478400.0 12.138888888888888
1479000.0 12.131944444444445
1479600.0 12.125
1480200.0 12.145833333333334
1480800.0 12.166666666666666
1481400.0 12.1875
1482000.0 12.166666666666666
1482600.0 12.145833333333334
1483200.0 12.125
1483800.0 12.125
1484400.0 12.125
1485000.0 12.125
1485600.0 12.048611111111109
1486200.0 11.972222222222223
1486800.0 11.895833333333334
1487400.0 11.701388888888888
1488000.0 11.506944444444445
1488600.0 11.3125
1489200.0 11.423611111111109
1489800.0 11.534722222222223
1490400.0 11.645833333333334
1491000.0 11.805555555555555
1491600.0 11.965277777777779
1492200.0 12.125
1492800.0 12.284722222222221
1493400.0 12.444444444444445
1494000.0 12.604166666666666
1494600.0 12.777777777777777
1495200.0 12.951388888888891
1495800.0 13.125
1496400.0 13.263888888888891
1497000.0 13.402777777777777
1497600.0 13.541666666666666
1498200.0 13.6875
1498800.0 13.833333333333334
1499400.0 13.979166666666666
1500000.0 14.291666666666666
1500600.0 14.604166666666666
1501200.0 14.916666666666666
1501800.0 14.972222222222221
1502400.0 15.027777777777779
1503000.0 15.083333333333334
1503600.0 15.3125
1504200.0 15.541666666666666
1504800.0 15.770833333333334
1505400.0 15.916666666666666
1506000.0 16.0625
1506600.0 16.208333333333332
1507200.0 16.25
1507800.0 16.291666666666668
1508400.0 16.333333333333332
1509000.0 16.45138888888889
1509600.0 16.569444444444446
1510200.0 16.6875
1510800.0 16.875
1511400.0 17.0625
1512000.0 17.25
1512600.0 17.305555555555557
1513200.0 17.36111111111111
1513800.0 17.416666666666668
1514400.0 17.458333333333332
1515000.0 17.5
1515600.0 17.541666666666668
1516200.0 17.354166666666668
1516800.0 17.166666666666668
1517400.0 16.979166666666668
1518000.0 16.84027777777778
1518600.0 16.70138888888889
1519200.0 16.5625
1519800.0 16.819444444444443
1520400.0 17.07638888888889
1521000.0 17.333333333333332
1521600.0 17.15972222222222
1522200.0 16.98611111111111
1522800.0 16.8125
1523400.0 16.73611111111111
1524000.0 16.65972222222222
1524600.0 16.583333333333332
1525200.0 16.340277777777775
1525800.0 16.097222222222225
1526400.0 15.854166666666666
1527000.0 15.409722222222221
1527600.0 14.965277777777779
1528200.0 14.520833333333334
1528800.0 14.347222222222223
1529400.0 14.173611111111109
1530000.0 14.0
1530600.0 13.784722222222221
1531200.0 13.569444444444445
1531800.0 13.354166666666666
1532400.0 13.236111111111112
1533000.0 13.118055555555555
1533600.0 13.0
1534200.0 12.895833333333334
1534800.0 12.791666666666666
1535400.0 12.6875
1536000.0 12.659722222222221
1536600.0 12.631944444444445
1537200.0 12.604166666666666
1537800.0 12.576388888888888
1538400.0 12.548611111111112
1539000.0 12.520833333333334
1539600.0 12.430555555555555
1540200.0 12.340277777777779
1540800.0 12.25
1541400.0 12.069444444444445
1542000.0 11.888888888888888
1542600.0 11.708333333333334
1543200.0 11.555555555555557
1543800.0 11.402777777777777
1544400.0 11.25
1545000.0 11.166666666666666
1545600.0 11.083333333333334
1546200.0 11.0
1546800.0 11.027777777777779
1547400.0 11.055555555555555
1548000.0 11.083333333333334
1548600.0 11.048611111111112
1549200.0 11.013888888888888
1549800.0 10.979166666666666
1550400.0 11.027777777777777
1551000.0 11.076388888888891
1551600.0 11.125
1552200.0 11.131944444444445
1552800.0 11.138888888888888
1553400.0 11.145833333333334
1554000.0 11.166666666666666
1554600.0 11.1875
1555200.0 11.208333333333334
1555800.0 11.263888888888888
1556400.0 11.319444444444445
1557000.0 11.375
1557600.0 11.416666666666666
1558200.0 11.458333333333334
1558800.0 11.5
1559400.0 11.583333333333334
1560000.0 11.666666666666666
1560600.0 11.75
1561200.0 11.75
1561800.0 11.75
1562400.0 11.75
1563000.0 11.708333333333334
1563600.0 11.666666666666666
1564200.0 11.625
1564800.0 11.583333333333334
1565400.0 11.541666666666666
1566000.0 11.5
1566600.0 11.465277777777779
1567200.0 11.430555555555555
1567800.0 11.395833333333334
1568400.0 11.381944444444443
1569000.0 11.368055555555557
1569600.0 11.354166666666666
1570200.0 11.319444444444445
1570800.0 11.284722222222221
1571400.0 11.25
1572000.0 11.222222222222221
1572600.0 11.194444444444445
1573200.0 11.166666666666666
1573800.0 11.1875
1574400.0 11.208333333333334
1575000.0 11.229166666666666
1575600.0 11.256944444444445
1576200.0 11.284722222222221
1576800.0 11.3125
1577400.0 11.375
1578000.0 11.4375
1578600.0 11.5
1579200.0 11.569444444444445
1579800.0 11.638888888888888
1580400.0 11.708333333333334
1581000.0 11.784722222222223
1581600.0 11.861111111111109
1582200.0 11.9375
1582800.0 11.986111111111109
1583400.0 12.034722222222223
1584000.0 12.083333333333334
1584600.0 12.180555555555555
1585200.0 12.277777777777779
1585800.0 12.375
1586400.0 12.416666666666666
1587000.0 12.458333333333334
1587600.0 12.5
1588200.0 12.625
1588800.0 12.75
1589400.0 12.875
1590000.0 13.041666666666666
1590600.0 13.208333333333334
1591200.0 13.375
1591800.0 13.583333333333334
1592400.0 13.791666666666666
1593000.0 14.0
1593600.0 14.180555555555555
1594200.0 14.361111111111112
1594800.0 14.541666666666666
1595400.0 14.847222222222221
1596000.0 15.152777777777779
1596600.0 15.458333333333334
1597200.0 15.625
1597800.0 15.791666666666666
1598400.0 15.958333333333334
1599000.0 16.006944444444446
1599600.0 16.055555555555554
1600200.0 16.104166666666668
1600800.0 16.131944444444443
1601400.0 16.159722222222225
1602000.0 16.1875
1602600.0 16.23611111111111
1603200.0 16.28472222222222
1603800.0 16.333333333333332
1604400.0 16.40972222222222
1605000.0 16.48611111111111
1605600.0 16.5625
1606200.0 16.604166666666668
1606800.0 16.645833333333332
1607400.0 16.6875
1608000.0 16.652777777777775
1608600.0 16.618055555555557
1609200.0 16.583333333333332
1609800.0 16.53472222222222
1610400.0 16.48611111111111
1611000.0 16.4375
1611600.0 16.284722222222225
1612200.0 16.131944444444443
1612800.0 15.979166666666666
1613400.0 15.888888888888888
1614000.0 15.798611111111112
1614600.0 15.708333333333334
1615200.0 15.5625
1615800.0 15.416666666666666
1616400.0 15.270833333333334
1617000.0 15.0625
1617600.0 14.854166666666666
1618200.0 14.645833333333334
1618800.0 14.534722222222223
1619400.0 14.423611111111109
1620000.0 14.3125
1620600.0 14.215277777777779
1621200.0 14.118055555555555
1621800.0 14.020833333333334
1622400.0 13.972222222222223
1623000.0 13.923611111111109
1623600.0 13.875
1624200.0 13.777777777777779
1624800.0 13.680555555555555
1625400.0 13.583333333333334
1626000.0 13.520833333333334
1626600.0 13.458333333333334
1627200.0 13.395833333333334
1627800.0 13.381944444444443
1628400.0 13.368055555555557
1629000.0 13.354166666666666
1629600.0 13.319444444444445
1630200.0 13.284722222222221
1630800.0 13.25
1631400.0 13.25
1632000.0 13.25
1632600.0 13.25
1633200.0 13.25
1633800.0 13.25
1634400.0 13.25
1635000.0 13.208333333333334
1635600.0 13.166666666666666
1636200.0 13.125
1636800.0 13.097222222222221
1637400.0 13.069444444444445
1638000.0 13.041666666666666
1638600.0 13.055555555555557
1639200.0 13.069444444444443
1639800.0 13.083333333333334
1640400.0 13.055555555555555
1641000.0 13.027777777777779
1641600.0 13.0
1642200.0 13.020833333333334
1642800.0 13.041666666666666
1643400.0 13.0625
1644000.0 13.076388888888891
1644600.0 13.090277777777777
1645200.0 13.104166666666666
1645800.0 13.0625
1646400.0 13.020833333333334
1647000.0 12.979166666666666
1647600.0 12.881944444444445
1648200.0 12.784722222222221
1648800.0 12.6875
1649400.0 12.708333333333334
1650000.0 12.729166666666666
1650600.0 12.75
1651200.0 12.715277777777779
1651800.0 12.680555555555555
1652400.0 12.645833333333334
1653000.0 12.555555555555555
1653600.0 12.465277777777779
1654200.0 12.375
1654800.0 12.291666666666666
1655400.0 12.208333333333334
1656000.0 12.125
1656600.0 12.083333333333334
1657200.0 12.041666666666666
1657800.0 12.0
1658400.0 12.097222222222221
1659000.0 12.194444444444445
1659600.0 12.291666666666666
1660200.0 12.319444444444445
1660800.0 12.347222222222221
1661400.0 12.375
1662000.0 12.333333333333334
1662600.0 12.291666666666666
1663200.0 12.25
1663800.0 12.326388888888891
1664400.0 12.402777777777777
1665000.0 12.479166666666666
1665600.0 12.569444444444445
1666200.0 12.659722222222221
1666800.0 12.75
1667400.0 12.909722222222221
1668000.0 13.069444444444445
1668600.0 13.229166666666666
1669200.0 13.340277777777777
1669800.0 13.451388888888891
1670400.0 13.5625
1671000.0 13.777777777777779
1671600.0 13.993055555555555
1672200.0 14.208333333333334
1672800.0 14.361111111111109
1673400.0 14.513888888888891
1674000.0 14.666666666666666
1674600.0 14.805555555555555
1675200.0 14.944444444444445
1675800.0 15.083333333333334
1676400.0 15.0
1677000.0 14.916666666666666
1677600.0 14.833333333333334
1678200.0 14.791666666666666
1678800.0 14.75
1679400.0 14.708333333333334
1680000.0 15.180555555555555
1680600.0 15.652777777777779
1681200.0 16.125
1681800.0 15.965277777777779
1682400.0 15.805555555555555
1683000.0 15.645833333333334
1683600.0 16.118055555555554
1684200.0 16.59027777777778
1684800.0 17.0625
1685400.0 16.82638888888889
1686000.0 16.590277777777775
1686600.0 16.354166666666668
1687200.0 16.277777777777775
1687800.0 16.20138888888889
1688400.0 16.125
1689000.0 15.902777777777779
1689600.0 15.680555555555555
1690200.0 15.458333333333334
1690800.0 15.375
1691400.0 15.291666666666666
1692000.0 15.208333333333334
1692600.0 15.131944444444443
1693200.0 15.055555555555557
1693800.0 14.979166666666666
1694400.0 14.902777777777777
1695000.0 14.826388888888891
1695600.0 14.75
1696200.0 14.819444444444445
1696800.0 14.888888888888888
1697400.0 14.958333333333334
1698000.0 14.715277777777779
1698600.0 14.472222222222221
1699200.0 14.229166666666666
1699800.0 13.6875
1700400.0 13.145833333333334
1701000.0 12.604166666666666
1701600.0 12.381944444444443
1702200.0 12.159722222222223
1702800.0 11.9375
1703400.0 11.791666666666666
1704000.0 11.645833333333334
1704600.0 11.5
1705200.0 11.4375
1705800.0 11.375
1706400.0 11.3125
1707000.0 11.25
1707600.0 11.1875
1708200.0 11.125
1708800.0 11.083333333333334
1709400.0 11.041666666666666
1710000.0 11.0
1710600.0 10.958333333333334
1711200.0 10.916666666666666
1711800.0 10.875
1712400.0 10.798611111111109
1713000.0 10.722222222222223
1713600.0 10.645833333333334
1714200.0 10.590277777777779
1714800.0 10.534722222222221
1715400.0 10.479166666666666
1716000.0 10.368055555555555
1716600.0 10.256944444444445
1717200.0 10.145833333333334
1717800.0 10.097222222222223
1718400.0 10.04861111111111
1719000.0 10.0
1719600.0 9.95138888888889
1720200.0 9.902777777777777
1720800.0 9.854166666666666
1721400.0 9.8125
1722000.0 9.770833333333334
1722600.0 9.729166666666666
1723200.0 9.694444444444445
1723800.0 9.659722222222221
1724400.0 9.625
1725000.0 9.625
1725600.0 9.625
1726200.0 9.625
1726800.0 9.659722222222221
1727400.0 9.694444444444445
1728000.0 9.729166666666666
1728600.0 9.694444444444445
1729200.0 9.659722222222221
1729800.0 9.625
1730400.0 9.666666666666666
1731000.0 9.708333333333334
1731600.0 9.75
1732200.0 9.743055555555555
1732800.0 9.736111111111112
1733400.0 9.729166666666666
1734000.0 9.777777777777777
1734600.0 9.82638888888889
1735200.0 9.875
1735800.0 9.833333333333334
1736400.0 9.791666666666666
1737000.0 9.75
1737600.0 9.708333333333334
1738200.0 9.666666666666666
1738800.0 9.625
1739400.0 9.666666666666666
1740000.0 9.708333333333334
1740600.0 9.75
1741200.0 9.75
1741800.0 9.75
1742400.0 9.75
1743000.0 9.75
1743600.0 9.75
1744200.0 9.75
1744800.0 9.708333333333334
1745400.0 9.666666666666666
1746000.0 9.625
1746600.0 9.569444444444445
1747200.0 9.513888888888888
1747800.0 9.458333333333334
1748400.0 9.555555555555555
1749000.0 9.652777777777779
1749600.0 9.75
1750200.0 9.805555555555555
1750800.0 9.861111111111112
1751400.0 9.916666666666666
1752000.0 10.041666666666666
1752600.0 10.166666666666666
1753200.0 10.291666666666666
1753800.0 10.5
1754400.0 10.708333333333334
1755000.0 10.916666666666666
1755600.0 11.041666666666666
1756200.0 11.166666666666666
1756800.0 11.291666666666666
1757400.0 11.291666666666666
1758000.0 11.291666666666666
1758600.0 11.291666666666666
1759200.0 11.291666666666666
1759800.0 11.291666666666666
1760400.0 11.291666666666666
1761000.0 11.013888888888888
1761600.0 10.736111111111112
1762200.0 10.458333333333334
1762800.0 10.638888888888888
1763400.0 10.819444444444445
1764000.0 11.0
1764600.0 11.305555555555555
1765200.0 11.611111111111112
1765800.0 11.916666666666666
1766400.0 11.930555555555557
1767000.0 11.944444444444443
1767600.0 11.958333333333334
1768200.0 12.111111111111109
1768800.0 12.263888888888891
1769400.0 12.416666666666666
1770000.0 12.277777777777779
1770600.0 12.138888888888888
1771200.0 12.0
1771800.0 11.902777777777779
1772400.0 11.805555555555555
1773000.0 11.708333333333334
1773600.0 12.055555555555555
1774200.0 12.402777777777779
1774800.0 12.75
1775400.0 12.666666666666666
1776000.0 12.583333333333334
1776600.0 12.5
1777200.0 12.3125
1777800.0 12.125
1778400.0 11.9375
1779000.0 11.875
1779600.0 11.8125
1780200.0 11.75
1780800.0 11.597222222222221
1781400.0 11.444444444444445
1782000.0 11.291666666666666
1782600.0 11.243055555555557
1783200.0 11.194444444444443
1783800.0 11.145833333333334
1784400.0 10.972222222222223
1785000.0 10.798611111111109
1785600.0 10.625
1786200.0 10.284722222222221
1786800.0 9.944444444444445
1787400.0 9.604166666666666
1788000.0 9.305555555555555
1788600.0 9.006944444444445
1789200.0 8.708333333333334
1789800.0 8.548611111111112
1790400.0 8.388888888888888
1791000.0 8.229166666666666
1791600.0 8.368055555555555
1792200.0 8.506944444444445
1792800.0 8.645833333333334
1793400.0 8.805555555555555
1794000.0 8.965277777777779
1794600.0 9.125
1795200.0 9.055555555555555
1795800.0 8.986111111111112
1796400.0 8.916666666666666
1797000.0 8.618055555555555
1797600.0 8.319444444444445
1798200.0 8.020833333333334
1798800.0 7.888888888888889
1799400.0 7.756944444444444
1800000.0 7.625
1800600.0 7.569444444444444
1801200.0 7.513888888888889
1801800.0 7.458333333333333
1802400.0 7.270833333333333
1803000.0 7.083333333333333
1803600.0 6.895833333333333
1804200.0 6.798611111111111
1804800.0 6.701388888888889
1805400.0 6.604166666666667
1806000.0 6.5
1806600.0 6.395833333333333
1807200.0 6.291666666666667
1807800.0 6.333333333333333
1808400.0 6.375
1809000.0 6.416666666666667
1809600.0 6.277777777777779
1810200.0 6.138888888888888
1810800.0 6.0
1811400.0 5.840277777777778
1812000.0 5.680555555555556
1812600.0 5.520833333333333
1813200.0 5.368055555555556
1813800.0 5.215277777777778
1814400.0 5.0625
1815000.0 4.972222222222222
1815600.0 4.881944444444444
1816200.0 4.791666666666667
1816800.0 4.729166666666667
1817400.0 4.666666666666667
1818000.0 4.604166666666667
1818600.0 4.402777777777778
1819200.0 4.201388888888889
1819800.0 4.0
1820400.0 3.875
1821000.0 3.75
1821600.0 3.625
1822200.0 3.534722222222222
1822800.0 3.4444444444444446
1823400.0 3.3541666666666665
1824000.0 3.298611111111111
1824600.0 3.2430555555555554
1825200.0 3.1875
1825800.0 3.0416666666666665
1826400.0 2.8958333333333335
1827000.0 2.75
1827600.0 2.875
1828200.0 3.0
1828800.0 3.125
1829400.0 3.0625
1830000.0 3.0
1830600.0 2.9375
1831200.0 2.8888888888888893
1831800.0 2.8402777777777772
1832400.0 2.7916666666666665
1833000.0 2.8888888888888893
1833600.0 2.9861111111111107
1834200.0 3.0833333333333335
1834800.0 3.3333333333333335
1835400.0 3.5833333333333335
1836000.0 3.8333333333333335
1836600.0 4.111111111111111
1837200.0 4.388888888888889
1837800.0 4.666666666666667
1838400.0 4.930555555555555
1839000.0 5.194444444444445
1839600.0 5.458333333333333
1840200.0 5.6875
1840800.0 5.916666666666667
1841400.0 6.145833333333333
1842000.0 6.3819444444444455
1842600.0 6.6180555555555545
1843200.0 6.854166666666667
1843800.0 7.152777777777779
1844400.0 7.451388888888888
1845000.0 7.75
1845600.0 7.777777777777778
1846200.0 7.805555555555556
1846800.0 7.833333333333333
1847400.0 7.986111111111112
1848000.0 8.138888888888888
1848600.0 8.291666666666666
1849200.0 8.430555555555555
1849800.0 8.569444444444445
1850400.0 8.708333333333334
1851000.0 8.722222222222223
1851600.0 8.73611111111111
1852200.0 8.75
1852800.0 9.027777777777779
1853400.0 9.305555555555555
1854000.0 9.583333333333334
1854600.0 9.756944444444445
1855200.0 9.930555555555555
1855800.0 10.104166666666666
1856400.0 10.006944444444445
1857000.0 9.909722222222223
1857600.0 9.8125
1858200.0 9.819444444444445
1858800.0 9.826388888888888
1859400.0 9.833333333333334
1860000.0 9.98611111111111
1860600.0 10.13888888888889
1861200.0 10.291666666666666
1861800.0 10.152777777777777
1862400.0 10.01388888888889
1863000.0 9.875
1863600.0 9.854166666666666
1864200.0 9.833333333333334
1864800.0 9.8125
1865400.0 10.020833333333334
1866000.0 10.229166666666666
1866600.0 10.4375
1867200.0 10.125
1867800.0 9.8125
1868400.0 9.5
1869000.0 9.319444444444445
1869600.0 9.138888888888888
1870200.0 8.958333333333334
1870800.0 9.013888888888888
1871400.0 9.069444444444445
1872000.0 9.125
1872600.0 8.98611111111111
1873200.0 8.847222222222223
1873800.0 8.708333333333334
1874400.0 8.465277777777779
1875000.0 8.222222222222221
1875600.0 7.979166666666667
1876200.0 7.611111111111111
1876800.0 7.243055555555556
1877400.0 6.875
1878000.0 6.722222222222222
1878600.0 6.569444444444444
1879200.0 6.416666666666667
1879800.0 6.298611111111112
1880400.0 6.1805555555555545
1881000.0 6.0625
1881600.0 5.826388888888888
1882200.0 5.590277777777779
1882800.0 5.354166666666667
1883400.0 5.270833333333333
1884000.0 5.1875
1884600.0 5.104166666666667
1885200.0 5.083333333333333
1885800.0 5.0625
1886400.0 5.041666666666667
1887000.0 4.965277777777778
1887600.0 4.888888888888888
1888200.0 4.8125
1888800.0 4.680555555555556
1889400.0 4.548611111111111
1890000.0 4.416666666666667
1890600.0 4.388888888888888
1891200.0 4.361111111111112
1891800.0 4.333333333333333
1892400.0 4.180555555555556
1893000.0 4.027777777777778
1893600.0 3.875
1894200.0 3.9791666666666665
1894800.0 4.083333333333333
1895400.0 4.1875
1896000.0 4.027777777777778
1896600.0 3.8680555555555554
1897200.0 3.7083333333333335
1897800.0 3.756944444444444
1898400.0 3.805555555555556
1899000.0 3.8541666666666665
1899600.0 3.8333333333333335
1900200.0 3.8125
1900800.0 3.7916666666666665
