OPTIMALIZATION LOG 
call_id 	 timestamp 	 rmse 	b1_org 	 b2_org 	 b3_org 	b1_min 	 b2_min 	 b3_min 	alpha_org 	 n_org 	 m_org 	 K_org 	alpha_min 	 n_min 	 m_min 	 K_min
6	2026-01-02 20:20:14	1277.5672	0.924545844225003	0.8111115944089202	0.29295770997790993	0.7739259142643062	5.772683496496034	3.562690998411034	445.52763927805506	4.063774273402851	214.7511689426961	467.69023810959743	3.427199548096451	505.11485488854515
12	2026-01-02 20:20:17	1277.5868	0.7636243045287872	2.3318045320734995	1.44092145555895	0.6142947395728966	5.222247606179607	0.8725995636610933	1658.0396202892553	2.8781060791942297	358.26343912118665	971.561830453871	3.61863267399824	691.1984746476523
14	2026-01-02 20:20:26	1277.5431	0.9200887795278939	2.527405747531481	3.459977083513251	0.5400344907861641	5.136327476468939	3.594890644465922	607.9285111814629	3.964517721671007	84.42078367041518	1316.3852304868487	4.114167395387243	656.1674662084405
1	2026-01-02 20:20:35	1277.6	0.5311427181983368	0.5904889320480553	1.5648013731548653	0.4623168226644114	3.6341461873315186	1.7101034023872748	1225.8987867341848	1.9320587647881482	756.2940713529147	1768.288357114444	3.7013574090195793	729.4521196461815
4	2026-01-02 20:20:39	1277.4434	0.8246474142421032	3.4845455469105215	3.6266380615563527	0.21211005314528297	5.251443376961921	0.935810297316648	119.07144266161163	3.2868982922177317	194.55066410259232	194.19185093857573	2.8925704158996917	56.30516222559885
2	2026-01-02 20:20:44	1277.5623	0.5116696459917823	4.2987240282118915	1.503405552653422	0.45505432103784876	2.7824033662825634	1.6716711488768814	1809.9098677595152	2.5861075342811386	82.80808200361122	239.80391916478618	3.230979922683738	399.12509675093446
8	2026-01-02 20:20:44	1277.5099	0.36468033930513233	1.4976162626175071	3.477129186194248	0.40661441732289705	4.417835675389849	1.7707213232027357	1802.525008322988	3.4323696724932966	97.2151154030318	356.17891343522433	1.6141740650930305	8.448804432354564
9	2026-01-02 20:20:49	1277.6224	0.6238195982068707	3.060869081712601	2.3334004997289393	0.6437076205186232	0.23207273078850488	0.36301767335356994	251.57965437716223	4.671200350662789	125.59864258465359	1624.3481505543964	3.6745886253094615	666.8366709256171
15	2026-01-02 20:20:53	1277.4728	0.8580210540139704	2.9438296270506954	1.0550731479016249	0.5985828789282707	4.927409925077138	1.9174244118919035	763.0454746532843	2.036990033824126	384.16535927170474	122.93918580079514	3.2853832855985616	119.96680127755707
11	2026-01-02 20:20:55	1277.6485	0.6380559396842537	1.1485011346713454	3.724948678154326	0.6600699480388788	2.960424408821837	1.722208114054568	789.1928678271312	4.1594097252152675	423.2236172938992	728.892637939726	3.4869046591670694	859.9294422434018
16	2026-01-02 20:21:00	1277.6086	0.3869467357048954	2.229614009982633	3.117679238366411	0.517593201196086	3.9129376407083605	1.4306086435489314	1948.3221080417054	1.5196024673727393	534.305459896727	1548.9045461458666	4.401601012047833	662.0088950307121
10	2026-01-02 20:21:01	1277.8573	0.24588497006469395	2.006468256372626	1.4163146308479204	0.8934395223434243	2.36134430630669	0.23489213345165427	147.74018783587394	4.532172930360453	646.5121867711968	750.5056573067726	2.42826831935895	664.695134653263
3	2026-01-02 20:21:12	1277.4859	0.7897631871772928	5.443626799651605	2.9101742262883876	0.3014852806178707	2.136776756274698	3.7726237241106335	1466.6751048057154	2.9431731698329235	690.9071715936783	525.3978614699793	1.5487018818045992	169.81840968146435
5	2026-01-02 20:22:10	1277.7177	0.09202615530806096	1.3980423821411236	3.582039424420622	0.38647108998274426	3.4583816793311284	0.9757799133468843	1973.682752478091	3.8425123356566226	652.4525898249183	1669.934928311191	3.502775455058493	532.0614544216525
13	2026-01-02 20:23:04	1277.5704	0.8703601017969066	1.5399032354800999	0.08645364525244625	0.5635086501735861	3.565021114587483	0.6638273897629452	1118.558950468173	4.180825311140872	829.8489219577889	1968.364530326671	4.386046678677612	799.9457818151112
7	2026-01-02 20:23:47	1277.6707	0.5383128353288564	1.7677792543647457	0.15289080794636067	0.020491129094330762	0.9031006636050138	0.9613740912950115	409.48423217983964	3.3304417532278783	656.3649294419125	638.91012081145	4.963481591394651	726.5292418267486
19	2026-01-02 22:34:55	1277.7493	0.24952370344254332	5.241914519789294	2.67446941616312	0.7776230322796183	3.399913090487703	1.9044241880955535	186.83532213815386	2.576442660974852	739.9102899797344	22.13403822792361	2.3763353960608136	345.0089329848718
24	2026-01-02 22:35:05	1277.6143	0.13630812875053294	2.464187614600103	3.1612276445394403	0.135095488425705	0.2499475896221206	2.121004861013923	583.1090362265254	4.649838521157572	426.4355639155491	1530.5837716672127	4.451226184608984	551.7084925469412
20	2026-01-02 22:35:12	1277.6223	0.90931709712269	0.7235105127671924	0.20814703499524656	0.9177811957570339	4.985415295407054	1.8976452104249135	775.5195417350913	3.508748582407306	156.10402099843174	849.5033254203449	3.9114499109729883	644.0244754835271
18	2026-01-02 22:35:12	1277.8368	0.15874139878119875	5.403636567957279	1.842525947936932	0.7309094366987093	5.206684471902333	0.735429289254387	1122.6415429469073	2.690189900707286	170.95595274338723	1867.5255157682116	2.6976464725318876	377.9201813692375
22	2026-01-02 22:35:15	1277.7185	0.6691802978726573	2.387174934287794	1.526717239375489	0.9022784482582094	5.069975734679369	1.597884898737123	1816.9869195149931	1.4651013398107435	184.29085139865174	1984.492488869406	1.275846238931573	601.8960884052049
17	2026-01-02 22:35:19	1277.7921	0.11023406694223375	2.8094990145105334	3.8876878947257665	0.4431867381987593	1.1785386232390975	2.3546629218193846	1718.0454764122946	1.7709915818480606	314.85226436528836	1520.0229215855447	1.6254429735308813	737.3936002937911
25	2026-01-02 22:35:38	1277.6716	0.6370248022808921	2.6294728338955515	0.0789978091859469	0.7940790742919224	0.6308064186184605	1.8156045355979762	392.4893376830157	3.3334190576653433	511.69349687191766	676.9187975371121	1.6550851321166304	658.5374476322123
28	2026-01-02 22:35:39	1277.6396	0.9236087038638949	0.33043288603208065	0.49715298393716223	0.9436516350445152	0.08971902383184771	0.8706022751845526	602.5549162223251	4.371621615490405	63.62538111415222	1812.2903134216951	1.714735132035333	706.5269308616781
27	2026-01-02 22:35:40	1277.6117	0.5215534896889648	3.517391150837313	2.213992439363712	0.6661461799389546	3.194338623310059	0.38519660480703166	1919.2073390525802	3.1831633774488637	5.34832466587477	1525.0338762339534	1.923318826743489	386.71394645919577
23	2026-01-02 22:35:43	1277.6028	0.7032167227565693	5.3933890837554275	0.5712546112271231	0.7653120590871072	3.9067697841352618	2.08060419118052	573.0724090454903	3.7872272540531946	280.7724804978958	738.68116555284	3.650965609425299	489.1114778068275
29	2026-01-02 22:36:19	1277.5131	0.4679003703992605	5.324246211498437	3.6469500594384368	0.06296092446981305	1.6664425719960245	2.6375059312208373	46.02267219414375	3.973621255488204	114.98201395605503	1247.7702122395413	2.089155618388036	209.39156071991277
30	2026-01-02 22:37:03	1277.5134	0.8052320644101961	1.5965403342214506	2.782630386291462	0.29983149881029314	1.5248301591617108	0.2184834267274367	1286.5887628866913	1.7465083699682373	561.1049970341553	142.85203244555987	3.2648549501964137	736.121855156382
31	2026-01-02 22:37:32	1277.8347	0.059669859746015574	4.499512687441637	1.0231175505984282	0.09247885855626409	5.13493062909332	1.6938224817336176	538.9316598258354	2.679350342255645	474.9532035031438	1583.4238601176598	4.6218935897313775	554.7336013562787
32	2026-01-02 22:38:31	1277.9112	0.1142184427310039	1.5671164072471373	0.5384065997485736	0.7189076477135194	3.95413251715521	3.393896053281803	868.9276624235538	3.9084366712879666	587.0864432178366	722.66996065702	3.5285908801227466	680.1061342367316
21	2026-01-02 22:40:41	1277.5295	0.7457132356151903	1.6123115200148181	3.0839807959463847	0.39846863691876155	3.2123798829757932	2.2872605584563654	1833.3021695409973	4.409489235290869	592.1049383103549	1300.2752543125548	2.4709926081577547	598.6446964433171
26	2026-01-02 22:48:52	1277.5106	0.4629698532044219	1.52586770907312	0.8537485350608753	0.18447114644347296	4.729757566660362	2.706695935400327	803.7434738548889	3.171923110998469	686.1026699156716	1810.293643352249	4.137516561325417	381.18207297206055
33	2026-01-03 00:49:58	1277.6823	0.12992080262205274	0.2733057403445276	0.9473031894589086	0.3837759759474084	2.625225118465818	0.5507666380465623	1958.342754431514	4.070535423034881	738.1547481511091	1794.9674070202047	3.5879912281305053	513.2063750174157
37	2026-01-03 00:50:20	1277.4446	0.9964539935191912	1.2412039293324435	3.8430232503463744	0.1681981657697889	3.0092718887227203	1.0651023322595625	1471.3187005947166	4.1897815177654305	633.2086718495328	373.40537414214214	4.701520418494607	140.1905797790539
34	2026-01-03 00:50:21	1277.5117	0.9524031608600854	4.084281663493368	3.720415849994686	0.7540143197665345	1.1936865468170246	2.0498643205024654	1475.145358833838	2.059349910999122	670.6839850777676	256.95902867697123	4.532571639012284	244.42529232411448
35	2026-01-03 00:50:23	1278.1162	0.6929369210152125	1.727599992996264	2.891118864902254	0.7131669414494749	1.4056433373255925	2.3034022996133565	264.1941068268844	1.2833113546678951	441.19071763604376	1619.5066112109216	2.3231057622959788	772.1609339583049
41	2026-01-03 00:50:28	1277.5683	0.25616407179812584	5.45418681797134	2.4882551229478307	0.17768327865961508	5.808662780316672	3.0652488780807596	443.34189247998995	3.4092397195240123	318.1349264741473	1640.725146160876	2.7382993837661016	383.3291359568602
40	2026-01-03 00:50:32	1277.6259	0.6314121109895199	4.760576949217061	1.1127473655928575	0.8835695083660529	4.905947070723974	2.162357800444137	1200.2386999009407	4.235995775621834	132.53280671121132	858.0544429192651	3.8172580154894082	360.2406755712126
38	2026-01-03 00:50:33	1277.5009	0.3691895382476694	2.30375961443414	2.595989758215195	0.07095349552514008	0.44158731290143116	2.6171033908223347	361.841672396627	2.806065522266015	677.5936726078988	3.948433221203004	1.8428694975761786	52.971010681720884
36	2026-01-03 00:50:33	1277.5901	0.24640698230460767	3.5000983513388606	0.06214141037714471	0.29395172968333383	5.401951117688965	2.5981644881621127	39.866631518469944	4.0084037610819125	524.9484844571592	1677.0234233131555	2.402088009602747	376.3218855256782
39	2026-01-03 00:50:58	1277.9088	0.08894825454075617	2.27058225264587	1.0366899476866203	0.6126910216735103	1.026981309495195	2.466481294157362	1163.6648470939024	4.046528764323289	688.2996127753847	78.97465459324417	3.2410168362184386	839.6312535401971
43	2026-01-03 00:51:26	1277.5169	0.3315977591617091	3.535876395286654	1.813050914257182	0.14946392415022003	3.388737262524538	0.7006650147763256	1356.6275001382814	4.721187035040835	817.9281090753159	532.0804601177613	3.412267659777139	229.5055501263784
44	2026-01-03 00:52:10	1277.6728	0.8202071920675381	3.7057756894900917	2.3141952556783036	0.793052912594342	2.306556313557241	1.6216692750634727	635.2355180577601	3.4847889108188745	241.8907416805753	1913.294281385136	1.344088551347821	813.7526604830352
45	2026-01-03 00:52:14	1277.719	0.35990834202435623	5.066273365147826	1.8572217143020422	0.7030783594148848	0.5592507523726691	0.5983182441165573	1276.0270641514758	4.600678835702381	207.39362616534837	1160.0041168686328	4.827132498276404	577.9180985299938
46	2026-01-03 00:53:56	1277.7804	0.07809072969983089	2.7178080543549514	1.3588775461319758	0.48024450010006836	2.397172293345859	0.20688336898113469	1479.7418799197756	2.7591900650036743	479.9001200076562	160.04863995183825	4.67602548453432	443.6227260784458
42	2026-01-03 00:53:56	1277.5853	0.5940872436846252	2.904753945715899	0.7450168583489019	0.876121997317878	1.14618700161948	1.1806552662479373	142.3254639505675	2.0696169214509768	374.3050217052016	588.5227063736074	4.67334492029228	167.13108343043547
47	2026-01-03 00:56:15	1277.6621	0.21216613476549673	1.6187525280569468	0.6551245913753656	0.40962435848094986	2.5933433000457424	0.9868818861121862	283.70616359640667	4.521202739155611	74.657202348493	1043.1250180836128	2.200023772832153	332.1764674750554
48	2026-01-03 01:06:17	1277.6589	0.5825139051239961	2.6751069851047604	0.5940020187122816	0.0719219894837495	1.884016786876888	0.3073122975158442	1346.066286029525	2.125621236714052	259.38173856490477	907.6168096424093	3.298260014161108	596.0553481201666
50	2026-01-03 03:06:15	1277.6979	0.15106153400730826	2.578165881864951	3.198039770693239	0.3914881887480099	1.5335873226006242	3.211442817084559	84.47102014699237	4.922585799643061	562.4370346292848	71.47191242400208	4.129904786591589	547.9179065941895
49	2026-01-03 03:06:33	1278.0027	0.026698294660002564	2.3671452595982516	1.866852285169612	0.9497442029682586	3.1577580166033514	2.2289311072017117	1148.0255257868646	3.808749229609938	759.5450025734726	1317.9918067795734	3.8194613370253854	315.0671176492771
54	2026-01-03 03:06:44	1277.665	0.14883194530791022	3.0499056411153265	3.8925582599213864	0.25605323561984356	5.900801769281118	2.0924565718173085	678.388760417922	2.249715887209326	861.8646183900731	705.2477671479616	2.063359786103394	779.0711531689315
53	2026-01-03 03:06:45	1277.7341	0.8417793528597175	0.31769450139765665	3.9632128673592817	0.9755580778376333	4.297581602976399	3.227508549337152	1598.630306940206	4.828933661796944	691.835349309956	1236.067106869063	1.3671145455310634	636.3333121629587
57	2026-01-03 03:07:08	1277.7091	0.18421440118105842	0.615973685947742	3.9744941746219364	0.2340237409807414	5.964042245772367	3.588354829040445	1672.6600620543354	2.7780007039460752	110.35570353395656	655.8780793105213	1.4814521632651652	198.95239833176527
55	2026-01-03 03:07:14	1277.5774	0.7195839138778474	2.8767463077412545	3.130604866648226	0.897945714879602	1.5526084140537353	3.5191960763401924	1186.2880730885927	4.658958966232372	31.147576468815146	558.9031748557125	2.2941550097109946	208.4851064518599
51	2026-01-03 03:07:30	1277.4902	0.7802759755251201	4.9428284808655665	0.26204564812841946	0.5479090033510206	1.7287941938195825	0.7095499866730763	56.150758358432654	2.468619005004392	653.130114147008	1057.645893395987	2.2057743066002384	183.82313945632814
58	2026-01-03 03:07:55	1277.624	0.4248365590510902	2.7075518163764416	1.1928915643683362	0.7801684284329697	1.6083260682490044	0.5150308259518579	355.91797207774016	4.286853851814357	508.47077900761343	502.84632208708604	4.195578951813126	213.09709413923875
59	2026-01-03 03:08:22	1277.6381	0.6645021452053693	1.938512079790726	0.1157980648412682	0.5768313990808083	4.45156699606005	1.19393295060996	1630.9694717919676	3.725980604203311	44.128694217163286	1836.8197833756444	1.1926400556312475	470.1875942996876
61	2026-01-03 03:09:15	1277.4594	0.7722731397110332	3.3466564144908704	1.5933381799073265	0.3705469306604561	2.7720154706125335	0.7931243107714514	769.6192797351539	1.7365214352519005	770.3088635248073	1782.0361618888878	1.306342773035368	157.9951620233254
62	2026-01-03 03:09:30	1277.4634	0.8077736324234037	0.43768491103935725	2.482495772949309	0.630235856585134	0.07226558055220167	0.2784583922449695	1043.8982277124683	3.6499515446594497	531.827158028763	75.69193313441019	2.218630255827661	63.86189158821253
56	2026-01-03 03:11:23	1277.5187	0.9663258185463679	3.825158724938042	0.06912078865424309	0.06528812222293989	1.0141003156785646	2.8403430284041353	1941.4260429652722	2.360266247783798	490.3642175958556	603.0697876583224	1.3963829656555664	795.7746359723294
60	2026-01-03 03:11:59	1277.4865	0.5062543674385674	5.377099827120674	0.33090236786812577	0.5453679098955425	0.42074375218172655	3.652298493856249	952.379800948632	2.3002202322846577	626.5366459922773	1765.872959778975	1.8673103566941742	24.518153287277244
63	2026-01-03 03:12:10	1277.5051	0.5581574164358933	1.894020190785696	0.5465683587317676	0.08689638730511212	5.478732254583559	3.137146607667381	1353.4896087655768	4.300627089153564	275.3201942183674	993.7500711893987	3.10378523131007	124.18365284903501
52	2026-01-03 03:16:30	1278.2174	0.05037066393076495	1.1647036114203608	2.6443028770161114	0.5510512090174273	2.554443968175905	2.107771058844747	1271.9909493032374	2.733485613381144	32.14137961366532	744.7700370203816	1.405683021078569	862.5467824626617
64	2026-01-03 03:21:33	1277.8435	0.13781755811582558	3.80022481660201	2.9577855150575787	0.5227676825329153	0.18221547446564657	1.5160745618155438	1036.4828741226822	3.3798236521174094	143.5532952647439	1122.4063233790903	1.1332439050210699	451.79931443880224
65	2026-01-03 05:21:00	1277.6468	0.09441165831191417	0.8913785822063245	1.318045117080169	0.3035886944533799	1.2174526586638836	2.560461957825086	216.19332154199583	1.8012491660842298	9.62587994127091	1075.9879702154321	4.758050507091118	179.88080729971165
66	2026-01-03 05:21:27	1277.4613	0.988257636303358	2.453104796160652	0.5763082021238595	0.09819667857623199	2.0164737399882124	1.1232897703214602	1588.7311310570121	1.710502416981288	734.2732639984233	266.83742945809865	1.6863313895214032	676.7448426480495
68	2026-01-03 05:21:30	1277.5962	0.33672295106745254	5.739050328491944	2.386345982846127	0.03348485962682246	4.08490567309178	3.3692880677660417	921.4919836514753	4.640323904877331	823.20810577467	1198.4257440831166	4.336522442248494	239.47173782129175
70	2026-01-03 05:21:45	1277.4592	0.5708836967942459	5.086228985628242	1.1715228022305477	0.5378874394700291	5.646946652797703	0.7452337235083997	1156.9452787484472	4.169757461497072	483.41060155088155	948.8433317867605	4.812032927068563	13.25344382430012
67	2026-01-03 05:21:53	1277.527	0.4943666591246014	4.5802595300049544	1.0734541015427461	0.07710747786163419	5.034887209479887	3.946868905892702	175.3100385990948	3.8379281726905106	18.140298406136026	333.58851254855733	3.0772256164351175	78.1228908071405
69	2026-01-03 05:22:20	1277.5565	0.5035451830343607	3.2899341799837254	0.32353565149793595	0.40512717883717964	1.968442885798394	3.62465504245106	1105.804155775894	3.6690938669622484	575.5423124591532	1062.4953232258597	2.2763196082949273	449.95313185700354
71	2026-01-03 05:22:30	1277.6025	0.6775045839252785	1.1962717520815982	1.0380641450450458	0.8665376404527998	2.456353248959842	2.956951827794577	319.5445282297678	4.568966598571246	411.36893384765926	671.1001768339609	4.091230012437658	338.12158762756775
72	2026-01-03 05:23:01	1277.5081	0.9068074767913321	1.3198725036129635	3.664375177681106	0.3668433139651708	0.13894748606177787	3.548249067488613	1080.3915064102591	1.4288054623822866	287.535851281741	1251.3991402269987	2.4174851593868185	408.2556493142892
73	2026-01-03 05:23:10	1277.6538	0.06903466450157841	0.791693423987899	3.777623320378697	0.32839177846206213	0.3773488897862016	2.834572484678387	1711.4658918092446	1.5552092540401141	837.0944250923965	1107.002045151848	3.4638009933225806	811.0175938021251
75	2026-01-03 05:24:17	1277.6841	0.20457912216979585	2.418670056303684	3.765521224129146	0.5248020095026441	3.841700105338491	1.206350636281229	1383.3424974835714	3.88150363692797	387.7356599224388	448.61899474025427	2.690058737213029	328.3045553212591
76	2026-01-03 05:26:08	1277.5219	0.8721945028491007	0.5605204055160331	3.551530747643485	0.4394290638863291	5.799032770869024	0.07652274776638746	1497.8399141815432	3.0999554852431084	456.83363245335715	867.1318867015973	2.948226142747367	607.8725512072904
77	2026-01-03 05:26:28	1277.4503	0.9905011113542671	5.214101234191857	1.388666899715243	0.49253347785487156	4.005866059285141	1.6814602456507008	114.77998997167094	3.9567834710525958	231.93529484860085	616.0959230723222	3.748315610170021	148.76592775390822
78	2026-01-03 05:26:57	1277.8883	0.17442367081382898	2.6214726711123464	3.2931240278611407	0.7481958256016044	2.339663846938772	1.8417227237881137	1297.1247177513624	3.626887708449523	629.7147469244478	664.1036560825116	1.9923696521167318	760.2255386438428
79	2026-01-03 05:30:52	1277.6783	0.03549724207899663	1.044479923740621	1.2532455166325858	0.18652920319247174	0.8628865282238691	2.3209335488452294	1971.3453170861446	3.1138903863590803	487.4781174134159	877.4416506842607	1.5208282050126758	224.30319254009237
80	2026-01-03 05:35:18	1277.8229	0.34942784705919033	3.382028786307073	0.821142384386284	0.9528569237966092	1.6571674299722645	0.049130963901725666	1230.350459587055	2.6561735626322536	852.584125978366	31.50180823772712	3.136940279668529	768.787237645196
81	2026-01-03 07:28:12	1277.7055	0.5369197042566066	4.680172254077425	0.931650687487418	0.040037826820362776	2.815284687273991	1.0821469496083265	485.27395434035907	1.821938401643576	851.1159949150533	478.5546669615029	4.951261511120089	748.4835454851257
85	2026-01-03 07:29:36	1277.7302	0.35428714114690907	3.3150218334450674	2.524446966630342	0.6729752404920226	0.27504475803603556	0.29479129152560746	455.5157490908017	4.463510155494988	239.499981423764	1949.9611310779744	3.3777896931339875	682.0944206654121
82	2026-01-03 07:29:42	1277.5619	0.7846211527852545	2.569568703354867	1.801545375275897	0.6216341881362093	0.9349610144038643	0.6789763404510107	1797.9564497002693	1.5250235256141669	236.73694287914543	813.6559528059934	4.213167029181797	538.8133636721985
83	2026-01-03 07:29:56	1277.5516	0.34840400388103837	2.485367756306742	3.781003972657516	0.19054306456283526	3.582119956901754	2.1791597223315593	1836.7253636742032	2.9294810020248336	154.835408993869	1840.649132654769	4.089293033972939	425.3403871754283
86	2026-01-03 07:30:28	1277.8399	0.23376916876467796	0.8464024519679878	2.796527139411752	0.9653157210353208	4.213458103740851	1.3631685605115464	1451.255744763612	4.2455975589043025	577.858522366395	1802.2220199628814	1.6976002858865664	369.6471384536373
88	2026-01-03 07:30:35	1277.7355	0.33506976537458694	2.126625547434085	1.6251425554820005	0.6999974440006227	0.03929901860848073	1.6632938430057942	1088.0155931857269	4.74002352652305	296.8835794245889	91.42487414984691	3.3549110648361506	614.9819509184229
89	2026-01-03 07:31:03	1277.8042	0.08397920119817653	1.6990658276074773	0.6892680679975398	0.038347123202739974	5.941712540541978	1.5333727656084926	159.72946670537397	4.779674511722149	41.92738558945024	567.4774641722918	2.955933455512555	436.2816041611096
90	2026-01-03 07:32:40	1277.5641	0.32521138498864693	2.547807377044841	2.5826001117957587	0.5136624198361244	4.737632181218876	1.258401323909348	835.7245774139013	2.288286364632628	163.4178496748907	1243.9533607688536	3.506513103454148	90.65308577740387
84	2026-01-03 07:32:45	1277.5912	0.18620279479197926	4.039812285370196	2.1062759632286343	0.27342887237932584	2.5973260280862256	3.5376163667291447	1617.4862559365974	3.764629764514793	848.5040241520808	1179.9562577737631	3.064371772977345	412.62199251675406
87	2026-01-03 07:33:19	1277.575	0.4561210807565415	2.8900082127321967	2.2749981427081156	0.3434829820608435	2.419883453532716	0.5426097646562567	182.64435169253431	4.280721719503539	40.67304295098796	852.611446831832	2.6457850084594337	557.030983545393
92	2026-01-03 07:33:55	1277.6742	0.2966290158582355	5.950883995505463	0.7242455400099665	0.4689376349988675	5.090486605142484	3.6813630502775503	1881.8856744252646	4.483076855334674	347.6166702522599	1438.181198167014	3.083764045245438	618.717096690802
91	2026-01-03 07:34:30	1277.6093	0.7314093823202427	5.820001099919608	0.6313730237253141	0.8327353181131514	0.3233949113363668	1.38208898664464	1732.319028470279	1.8546488861827675	350.9299280720761	106.45346606316309	4.365905978650872	465.64722484675946
93	2026-01-03 07:34:53	1277.5994	0.6817489814698777	3.6699428912319787	0.9578878295278987	0.9993121931322344	5.737438930167327	1.0716637970564025	1868.0750072108735	3.6429435013272586	598.1383633192457	1921.4261864395598	4.290171096458607	205.63253966117534
94	2026-01-03 07:39:50	1277.5972	0.9692484774816119	5.613055180776798	0.4635003829437583	0.8738512170557855	4.881717363924422	0.6308081099667815	1697.0890338738554	2.865811310870839	444.21955524913125	1726.9750871563438	2.358617482340236	613.9000422758041
95	2026-01-03 07:43:20	1277.712	0.1617170015763309	5.678431659806416	3.814144232968229	0.31370539617755133	1.2004548695642445	3.7615653467174948	673.3396704820843	2.21313094517115	395.0782799008033	1083.8491986601125	4.770942106583776	804.6099426489761
96	2026-01-03 09:35:57	1277.5528	0.3431313412237339	5.364417766905859	0.9134265525100804	0.45271522498385053	4.534053374575402	0.05765550125162089	815.906229916882	2.7149903040202545	799.5414873157843	1305.6083620601635	4.153547797873599	192.66977203309304
97	2026-01-03 09:37:35	1277.6789	0.8264483737345034	2.983279358705943	0.7070170774243416	0.9207652748395272	2.248440144713853	3.9729484276943845	323.50734018782725	1.674456992092234	57.23104705650974	1219.2039754408295	2.0061957333701823	822.7827838997177
98	2026-01-03 09:37:39	1277.8034	0.8313567885444471	3.171903751046515	1.5794468387388376	0.6352406477172022	5.574634158217171	2.371619729560107	289.80775659535095	1.3371803459172	110.94486679621184	254.54191003952144	3.2222135409064854	583.9074827130808
99	2026-01-03 09:38:00	1277.5157	0.7278901728938884	4.38564717510852	3.406175002865097	0.9478224198813532	4.772202400274751	2.4023204414267596	1257.1230499777616	3.5303289073733963	778.2665393442242	998.3248752082148	3.8705239580218516	29.361567162092854
100	2026-01-03 09:38:17	1277.6696	0.1894544834139612	5.93378265433289	0.35678481739471346	0.7389133401190228	4.352541661532687	0.14587482288908693	1022.2456576788722	2.082884849313725	833.4245785953424	1590.5580118344083	2.5326837254887677	108.48404589311747
101	2026-01-03 09:38:55	1277.582	0.7159631809591198	2.283606985710515	1.1868583576230733	0.07866892226747896	5.341405342837028	3.6072574154684105	8.008858096698873	4.002546789646699	856.3082174746637	415.32736716892964	4.974500009986575	424.5687008969483
102	2026-01-03 09:39:19	1277.7203	0.2948805435761791	4.431179952654289	0.041538643789096996	0.9340141983935462	0.574344111607652	3.8128751309197204	1623.2569439311696	3.704450696222206	698.3712496050747	714.096660286506	1.7984398751299255	122.39829735579372
105	2026-01-03 09:40:48	1277.5519	0.5889260233991582	1.3092969041517506	1.6670131914708886	0.5075019603868811	0.9911136413602732	1.5537468161115566	1209.7645156254728	1.8337397651541627	148.6779310833423	1580.8980710660194	2.464187134803365	390.5476737738212
106	2026-01-03 09:41:00	1277.6585	0.2736273408107108	5.128117119181563	2.0576934167915844	0.815782242801614	3.341444478643728	0.24745737828652792	877.7992173582106	2.161596709588751	713.2100298824856	183.29768960763442	2.030287423705019	114.24154996569399
104	2026-01-03 09:41:19	1278.6067	0.05739437464928887	3.233194767046813	1.882359551376906	0.15410237621302048	4.131963899851956	0.1283711172751787	1445.4503795323294	1.171975832074847	193.37496132042358	1292.985278497167	2.3870492337460343	355.691210500829
107	2026-01-03 09:42:48	1277.5489	0.755981386386513	4.516917529148812	2.5423745679412852	0.9292468977962429	3.5950203694801264	1.9696221828799911	657.9405034137634	3.599263721630378	556.5397648027246	1413.1781038011247	3.181344615962385	134.51986810187816
108	2026-01-03 09:42:56	1278.7038	0.37367116062875083	5.928696878020267	3.792797957911344	0.6469432041890575	2.097753130759695	3.903569824384108	1047.516726373512	1.1846567962295933	336.43938814438354	517.904408399179	4.732653822102085	796.9714131964379
103	2026-01-03 09:45:41	1277.5131	0.7953601420781544	0.4522463817093336	1.4588880666478095	0.3890653809485597	4.505569753835032	3.297266209105868	725.9077757258588	2.174248571925778	660.066356543551	1150.9909861292704	3.899204826574928	517.5996139661497
109	2026-01-03 09:47:31	1277.9727	0.19482180249301312	5.635457985093249	2.243906561766834	0.9375877040276059	4.665348635125021	0.7715341231866524	1750.1436105242915	2.4187941873114	459.048315433607	592.6668683797001	4.298094600952218	858.732698303635
110	2026-01-03 09:51:09	1277.5481	0.8912895158729605	3.0810564277574315	3.3889357165987306	0.8419769723889664	4.31980367386139	2.6537644195290087	562.0231861607695	1.4946143215993688	389.33954666243733	297.6900885268178	4.641463227075706	304.9349856679531
OPTIMALIZATION LOG 
call_id 	 timestamp 	 rmse 	b1_org 	 b2_org 	 b3_org 	b1_min 	 b2_min 	 b3_min 	alpha_org 	 n_org 	 m_org 	 K_org 	alpha_min 	 n_min 	 m_min 	 K_min 
4	2026-01-03 13:41:42	952.48556	0.5865659783339376	2.5105343954221553	0.28096777671728046	0.7718760667218298	1.3840502681750773	3.104173824308413	669.7891487256376	4.960415867685598	720.5393614816712	1485.8290206206234	1.7219086476360643	44.099757838543724
5	2026-01-03 13:41:43	952.52718	0.42664379509850825	1.6827763779634792	0.4029141221895003	0.2063072356520198	1.8010948312826005	1.4357712022982065	1412.3325994253769	4.336690209388138	744.4566468101305	448.71184825279965	1.8364008920127681	599.7076778025532
9	2026-01-03 13:42:01	954.10358	0.3333068568041662	4.022379752456402	1.9194479695957745	0.5309592840740506	1.3150269443185358	1.3105071351880921	777.9158149836895	4.323519284461948	510.8485401269454	1326.2251066122385	3.5943580463442792	593.612492689886
15	2026-01-03 13:42:04	954.0295	0.38647910780951883	4.846488845146091	2.3406670244701506	0.5920940518374058	1.5831169824582625	0.08329170504395389	1.5649361405805848	3.0829225956111683	787.7110482627317	1907.703168033905	4.962360329573	31.82653103259082
14	2026-01-03 13:42:09	954.01587	0.5472649534840699	5.600340931854658	2.54984433556049	0.4125844507735751	4.5421206275701795	0.7189915577637063	335.5629333101076	2.1684406598610826	860.4084141482988	1639.3177276999868	4.1152098830687205	40.409172322846814
13	2026-01-03 13:42:09	953.27431	0.4298365506635377	3.9278812923076036	0.1279923941135237	0.0730704760695079	1.4168993763481506	0.1253851916521007	539.2455587994008	3.5048177085188703	328.9540326683862	375.9799684230243	1.929675445029749	781.7633318489677
8	2026-01-03 13:42:15	753.36639	0.9415233980134624	5.463662474983289	0.3269985141192757	0.9077911497518143	0.428047726926434	2.438642147808974	308.27898753163527	4.553641970620954	265.302149878258	835.9009613271376	1.1844781464257417	300.2674266272566
16	2026-01-03 13:42:21	954.02441	0.9791479397501537	1.4863432572303787	0.5925728650862425	0.2661522418856298	2.9697369767453994	3.999418142622434	7.421072847714754	2.209024211774631	820.5577740789707	1423.0839170300203	3.0228005883490923	211.26081955018896
2	2026-01-03 13:42:22	954.10451	0.2774695370513489	2.792845848043149	3.3568547580901065	0.42440754721381957	1.635631031533296	0.22056779527325387	1427.156597370983	1.2836806140310517	300.5981960785982	1783.4701101018613	2.3068057394861405	108.24303904416763
3	2026-01-03 13:42:24	921.81986	0.6395246303848702	3.2126630071777695	1.3161712875759735	0.8028369972966909	4.733092944935526	0.04287887294896531	1202.477198931616	1.7307137468149298	485.2296100585611	1278.876630337231	1.3866928820289792	693.3047520685042
12	2026-01-03 13:42:25	953.24253	0.6194793159679115	0.7617375562818922	3.235640632297706	0.29478847065713676	0.7837261206649733	0.3339180043161234	1560.08351550948	1.2018101631398428	840.463859178484	1577.9983514733644	1.7564475106809156	152.34198976387512
1	2026-01-03 13:42:26	954.02806	0.1436192033970662	0.042119229724936424	2.9373557443697944	0.8493329721027001	2.4338656090944113	3.963081518629317	1540.8264909617442	3.8155675440515626	593.5220921451404	849.1579256448539	2.130615537544303	11.78768461014414
10	2026-01-03 13:42:31	954.26967	0.8284809130223317	3.011680985725012	3.2001055647824597	0.17369444220950458	4.324800265960201	1.5436498662349887	71.72675958634841	1.3320006808011138	158.58909661363208	540.4048186017246	4.846579151770486	537.8801505306051
7	2026-01-03 13:42:33	954.46014	0.20804481044701512	5.281265519178909	0.3393950044359497	0.08687313213659309	3.0866891714008204	0.6024777163841284	295.15689469536767	1.2326361016349956	429.30319012898707	1179.8315345542032	4.798558250133006	564.5522018952335
6	2026-01-03 13:42:38	944.01424	0.8000503841618415	0.6236261768233904	1.228382969545526	0.5891130501279435	5.219520054757796	1.9753319346619456	1834.6123566590393	4.092586749872792	837.3317235468458	1298.1403282319575	1.5193353030618102	809.0006607275927
11	2026-01-03 13:43:54	954.03046	0.7143339712675403	0.6581713540224459	0.7110048444100343	0.34538508144928814	2.5745817678382603	3.6687043307632434	25.947760852703937	4.479934899253627	180.77054647379927	895.6802012195718	3.105560370736306	282.0340110833907
20	2026-01-03 15:57:19	954.0954	0.34720261551869525	0.6351783091733938	1.8220483690443483	0.37187518499351835	3.3459504917139453	3.9550970446685567	1888.3028630078265	1.4214622859641535	129.814958646808	1818.3313780306257	3.0995433133245216	839.5284413760273
22	2026-01-03 15:57:39	951.2823	0.14214535852937588	2.1678255792356564	1.5391762958979491	0.48548469884094	2.1933662707039154	3.6659347129606674	1469.0465051221072	2.399362202798912	629.588518214737	1382.0081187939381	1.6638069204804853	8.47106860269497
23	2026-01-03 15:57:42	954.12046	0.34300636018924513	3.996779165782139	3.4882483937106405	0.5952926338769295	5.328372454441201	2.8506561188765582	1158.8741498025497	3.162640958524151	261.5184118886134	1861.400431620521	4.544373068239846	677.8744415703519
18	2026-01-03 15:57:52	954.04735	0.30868073022331305	3.5638908417497044	3.2861267016958244	0.10587486498675469	0.544883226890291	2.898768859598669	1920.2290489652933	4.441614704895523	546.0278799640175	1804.252844564004	4.835912863705433	29.839355086466924
17	2026-01-03 15:57:53	943.68684	0.9119061025670587	2.7193960720093298	3.678278505780629	0.4716649091050987	4.946114051942652	0.5390446766416601	1773.9015025529882	4.131521261016745	516.8889856197636	1961.487114022541	1.4928978938943498	507.67602467390805
19	2026-01-03 15:57:55	954.03339	0.7897633463804148	2.9024054275329494	3.302608872853634	0.2485600698791527	2.1068845816662596	0.5729197166612947	590.0970998454254	2.8624917570664703	763.8295648558831	1009.2599944557985	4.1035193784936	529.9599270159986
28	2026-01-03 15:57:58	855.316	0.6642871476957166	5.10989783408677	2.1801071226255315	0.033350259796887216	4.59385997758225	3.233549570276982	647.7182984423024	3.150333495823799	308.2613854007809	1355.8669365280764	1.2563710998821607	731.085599140124
30	2026-01-03 15:58:01	954.0739	0.6706852927979723	2.438445075662869	1.5122144809019529	0.7534901748597128	4.350472892237444	1.399254737311559	454.8944603524176	3.010030877972404	188.63577005565088	1761.7849848132512	2.420243716603796	437.89945034724093
29	2026-01-03 15:58:06	954.04796	0.6514415213912893	2.740020498411485	2.475208684634556	0.20254042559010837	5.190850592934533	3.7035382404470454	1967.2706913351312	2.7455378465029545	112.11232420047907	1958.0337646913754	3.5179615145794636	758.4380981429148
25	2026-01-03 15:58:06	954.05413	0.09441462592038757	4.659187959082124	3.811352991910202	0.11935791666170797	2.0143282039444834	3.3973726304838556	1026.2893820311974	1.5735169229273178	190.5383802988738	340.1942335495643	4.879663379134432	187.21917076463006
31	2026-01-03 15:58:14	954.07369	0.681840699670303	5.618392428225983	2.0858488799314885	0.04028740527628699	2.0360600507978743	1.3006427991258869	247.45606991747104	3.435446270529992	552.7162348216551	1967.0317646833332	4.225279874850733	338.19315352746224
24	2026-01-03 15:58:14	953.79326	0.665562442485744	3.0396883647611648	2.3706123843801956	0.2138884659821791	5.717109285095006	2.2519942572194984	210.01295590739778	2.4271318011283367	483.18178304554374	458.8311819672689	2.0696061051766033	570.2311874971789
21	2026-01-03 15:58:15	954.04845	0.998090224762433	2.3850247856064097	3.547250136115477	0.5360332245117224	3.828012878603288	1.4839404615311356	701.4698769484753	3.9744651624972445	89.44346962103594	1756.707325062796	4.018251432839128	596.2798345101951
27	2026-01-03 15:58:18	954.06972	0.5520421591560914	4.307179848726265	1.997828087116343	0.6983750153450262	4.845763030821191	1.3462854717468227	402.5740008163359	3.9880899648869095	171.06895514451276	707.2848879283231	3.193376713573439	288.50659970067454
26	2026-01-03 15:58:34	954.05885	0.8352186631317711	5.980688219684616	1.5888058487957566	0.4553779515029213	4.859811202401872	0.6688319538940439	411.92322881499535	2.417621494509569	216.83822227321448	470.2609242822077	2.8585143789397485	734.4100706367643
32	2026-01-03 15:59:22	953.79956	0.8155003229884712	2.744349453111105	2.05429675563014	0.891964316166654	4.433300056596204	0.9136562848573277	912.7958854885438	4.054481038745432	855.226487649144	1112.884458369309	1.949814378425154	366.88309395942355
OPTIMALIZATION LOG 
call_id 	 timestamp 	 rmse 	b1_org 	 b2_org 	 b3_org 	b1_min 	 b2_min 	 b3_min 	alpha_org 	 n_org 	 m_org 	 K_org 	alpha_min 	 n_min 	 m_min 	 K_min 
4	2026-01-03 18:46:35	10.751754	0.45432589935769613	2.9628345325758385	1.0616792560150783	0.9012857492483364	2.9605527600294472	0.30432157250910885	732.4525321812632	2.735009775117077	319.5388857465976	428.0491498022691	2.661351969240832	600.3305308806738
6	2026-01-03 18:46:44	10.751224	0.5989425311489434	2.0674069364229113	1.6911640081014188	0.5821701317883327	4.207099279790509	3.3884163219898857	1622.960408423587	2.8009363296811722	840.5747244269054	1999.3515095956204	3.7788688096827805	621.7069008534254
5	2026-01-03 18:46:44	10.750668	0.8013463935313621	1.9361520470069353	3.4652603863062947	0.49888739105545976	3.238829662390584	0.48144224470171704	1166.2997639882167	3.33657535729973	145.562489756202	1556.9532365377027	4.217564829163136	151.56585956154385
3	2026-01-03 18:46:51	8.1260645	0.04083765583776805	0.5812951169729441	0.18011865579448738	0.27635318738517256	1.4807736859627123	0.32786271094779207	1214.3304907627871	3.558623066526142	692.5754122984983	675.1487801723233	1.1841420399698017	618.9932547663336
11	2026-01-03 18:46:52	10.75082	0.5913576302494984	5.428271606976131	1.4983643415687697	0.12124647787928888	3.2508866997739574	3.642092704420233	640.7383363966137	2.20636000618347	399.8361921905811	1629.6911974595118	3.8576097623185075	591.0207352036928
9	2026-01-03 18:46:53	10.751364	0.37517829649711765	4.680277058520545	1.137989250173884	0.5904158021892201	1.1686164432967943	1.8780489323204441	1475.7931778029592	4.418486565413615	634.6750307488167	206.38624147217433	3.7417317805733528	445.7249856240442
12	2026-01-03 18:46:54	10.751896	0.7537210634509103	5.53503911513544	1.2873922329954168	0.39980128478669796	2.4028183083170047	1.5730535819267533	609.0136908832912	1.2990471861551114	111.58628812771406	790.5665851306953	3.480394647335704	298.3010230949883
1	2026-01-03 18:46:56	10.750609	0.6855429188570357	5.902104782164249	3.921453270494853	0.5588552501837558	4.004951948534946	0.2506082659936697	484.6580572333984	3.996964968206769	780.9596570333939	1285.3763088943854	2.6090975215370604	57.698198985907425
7	2026-01-03 18:46:57	10.751355	0.5166089610602391	5.9447145846184455	0.6291105504576393	0.5276948102335818	5.980636367390534	3.792660268701886	871.5904778869567	4.082302569625657	495.91617500133185	1028.483141338253	2.719631193225487	756.0376434541781
8	2026-01-03 18:46:58	10.560686	0.6780545887257978	5.024498328077479	2.7081143317962155	0.8134977219435726	2.1948367551341437	0.7763810066257157	1295.5632777558549	1.9180503601018914	327.2360584927315	727.4189245495234	1.5061303459705109	230.05943275289744
10	2026-01-03 18:47:03	10.750905	0.6110505436542986	3.7503484039256025	1.4025533257009926	0.26416438833873523	0.9425043280560272	2.1357125044395104	1332.8567021919757	1.736051948131832	614.9476199367716	894.1159086629531	3.771846901551929	564.9458905551035
2	2026-01-03 18:47:13	10.741484	0.9713662778664143	5.278979712291921	3.6988850066082257	0.8219671154397546	4.333444216830081	0.05852644407527219	114.94309648419198	2.4677254099596935	176.03545280619335	698.7533483122343	1.8735256104838853	800.6389786661364
15	2026-01-03 18:47:22	10.75059	0.7290521425442499	2.5307143013475604	3.0724309281838353	0.3537561553547665	3.689823305050406	3.944196129696382	339.66225288885187	2.026373777345449	785.5214233440554	510.5072381309134	4.150551283765546	106.46981891041372
13	2026-01-03 18:48:02	10.751177	0.4630111791935406	0.9866467405993418	1.4550369665463747	0.27203075871738713	5.761945529717987	2.540136745893289	645.9993496815148	4.091493385405341	769.6476551708407	1761.5664413457062	4.695291169470988	842.7896832419885
16	2026-01-03 18:48:18	10.74383	0.31880310319656113	5.63630275908087	2.0362197850796457	0.6739530771256483	5.837861553630248	0.6571479093724704	1521.1524180232182	2.905861174992291	259.4140930154929	757.9328987213921	1.888046038972222	797.5433173279114
OPTIMALIZATION LOG --- {timestamp} 
call_id 	 timestamp 	 rmse 	b1_org 	 b2_org 	 b3_org 	b1_min 	 b2_min 	 b3_min 	alpha_org 	 n_org 	 m_org 	 K_org 	alpha_min 	 n_min 	 m_min 	 K_min 
8	2026-01-03 19:29:25	10.751098	0.3405591073709031	5.1972415502704425	2.356110647949363	0.6987040924845999	1.5455999461956431	3.0614830370945194	1619.767467375531	2.0185413580470826	294.1842789760205	81.56671363437067	4.498652580501677	58.70819033628209
7	2026-01-03 19:29:26	9.2381476	0.18321682460747518	5.985591055814584	1.1927041767488415	0.5786154732657445	1.9381213251114155	3.449421588454527	547.6124140628124	2.6697533815041776	703.3858811296675	1660.4949531068924	1.2284976025814234	21.09814101906602
16	2026-01-03 19:29:27	10.747457	0.6321713043855318	4.708119733104703	0.5707403025095894	0.9151965569751648	3.9177521675380214	3.6241332700918534	1865.273055847047	1.8942507870715053	693.1767017004003	197.44300163265393	2.170726550304725	283.1520256077939
14	2026-01-03 19:29:28	10.714524	0.7700060598938463	5.366743414292806	1.9531143855786248	0.7532828638779097	5.615566967351449	0.11325995098542219	1349.0189989433688	3.1783309923959857	477.21320124253884	404.17384252877594	1.763036816737781	430.66346981574407
6	2026-01-03 19:29:28	10.751701	0.08800840155433626	5.237771854407083	2.3310771187781385	0.6502498065656405	0.2478194472553974	1.9953458514755604	610.2734641616935	1.8570312669457387	671.2779842856496	1198.8769480615942	2.2911202248128064	336.8578129777749
9	2026-01-03 19:29:29	10.751535	0.30344278838568783	0.6956542477823087	3.5233006291348983	0.6930949756821843	5.514515465800953	1.0801291073940762	195.94013184232222	4.247220087455907	700.0914367963716	1947.7950591999916	2.7644656538782573	348.72975092625614
11	2026-01-03 19:29:30	10.751184	0.9885477558742173	4.616539069095086	0.22223665031384	0.9223946163959679	2.581937693914191	1.8939431347453308	793.1276213724323	1.6952407554226077	10.065628162228393	1674.331865187294	4.953555688673391	470.0822411963529
12	2026-01-03 19:29:31	10.751209	0.9192440333499841	0.7735306520969094	3.0353486742952436	0.7014098297186816	4.128708053511308	1.711704577749975	639.8149505648682	2.2346482922559523	383.4054075027921	680.3616331087443	4.6209100527835805	736.3883565206929
10	2026-01-03 19:29:32	10.753566	0.04091059724873003	1.1884873669780285	0.7508892847362854	0.7967869612058334	1.0281063423914438	0.6239147970624546	1439.441181163274	4.538855349476522	138.59682388382583	1912.780654418148	4.855957287514995	692.7881223005529
5	2026-01-03 19:29:33	10.751747	0.2529945688868387	4.843512504494603	1.1759326201210976	0.49141148902619014	1.288759888189437	1.679018916733408	1115.0518650395	2.7478611137128	233.9611061466509	1053.77062567552	3.153817580089496	699.353929933751
15	2026-01-03 19:29:34	8.12314	0.6456919323641546	5.413522425745812	0.9345794230313529	0.9919183336519581	3.7150344355658125	2.3110405191746657	1194.2811582577608	2.870195016404441	812.8278300622819	1717.069216575714	1.1650051753162485	76.34656064175851
13	2026-01-03 19:29:36	10.751423	0.5053800163250984	4.0335927875580495	2.1091503652878325	0.07225430976779157	5.647463848883118	1.4090274145736204	739.0045566751614	2.7830859620953956	405.7871552100523	1460.0282717443413	2.1932819640473635	590.8089856592109
3	2026-01-03 19:29:37	10.752474	0.03142774763411127	2.8615272985010325	2.215349844992409	0.8327980614213584	5.4624473544018874	3.8510369756896417	542.5994123796286	4.630698065791722	862.4405202245396	1595.7124261292643	3.4601066845639545	311.25951414598245
4	2026-01-03 19:29:39	10.743687	0.7586893771973744	1.438356535485346	2.868435414685405	0.25115929305420465	4.200432396837235	3.3654386320695937	1577.7520081772393	2.3352885884162555	51.10878031561481	1928.805689713512	1.816313333763227	49.4499804681239
2	2026-01-03 19:29:43	10.750519	0.8462010907639221	5.535323534716747	3.88300104091416	0.6047082895514637	1.2196710496539303	1.4356990118410193	1736.6288406748758	4.63954259971994	565.6270860314941	557.3901136211866	4.3566204430309075	29.54738781113872
1	2026-01-03 19:30:00	10.758314	0.8002592645583162	4.886135277426939	2.196764067978933	0.6107533399860855	1.5740125128168911	3.4613371100030736	701.8080534418892	1.1047451473163223	347.7001924180514	1868.069519086291	2.9727052250079145	821.0340166480005
21	2026-01-03 19:56:39	10.751293	0.6949019287433353	2.4648289637504948	3.4012530597156823	0.04280289657414549	3.3709314290274826	2.6785305632385255	910.0293697375098	1.39666878650534	99.59141221534531	29.66478843877519	4.331890545326779	264.69379883343146
18	2026-01-03 19:56:43	10.750974	0.7623630708448841	4.5627678994666425	1.7077077133660088	0.5088530542652419	4.9513989659961055	3.0058991410153006	1557.433856085415	3.774137905565877	342.7255336511625	94.91017575329465	4.233791699519674	492.5803128873274
24	2026-01-03 19:56:43	9.8879502	0.24250251281492557	4.381499490597783	0.8250928036679059	0.4265399154305438	1.092921143305207	2.790431340868564	1309.7003726820383	3.0442721437077176	71.78442293753642	1290.9642202716027	1.2994771664340081	307.46157845226725
22	2026-01-03 19:56:43	10.750802	0.8876769613343797	3.7153594410375823	1.941241305089437	0.4456794461564603	0.5322247528830433	2.0832398130994223	661.0029459194022	1.5952941736006099	734.8336656647414	457.5795333502024	4.961915345249402	370.2498743253703
20	2026-01-03 19:56:45	10.719529	0.06400289521131641	1.6916531302043722	0.4134618288761682	0.10469955600336361	4.663642964849315	0.5891123693408966	1397.9727897309997	3.8612324918939747	196.33518659287756	337.9678883754368	1.7991193001985033	806.1819247864007
19	2026-01-03 19:56:45	10.548607	0.02597286514291014	2.0036597417217665	0.4064230073291104	0.6383389795242045	3.6759051521399124	3.4336772827615043	535.2249608870515	4.283329655457749	328.2033653538781	662.5766496281728	1.5026050576031824	722.7299149819651
26	2026-01-03 19:56:47	10.750907	0.9068506241014238	1.6140794249755883	0.5387187682303682	0.4694292180037966	0.5649890778657536	1.154861805241833	1149.5658922127654	1.9561851386197406	549.9012561489311	711.9638354661671	3.17965225382356	531.1797486721179
17	2026-01-03 19:56:48	10.752748	0.04208939774395004	1.2701478763833023	0.9175162002599737	0.6460413452274854	0.49432425402609015	3.1576944855329065	977.2019259858495	3.5759144795702045	619.7354430040923	1795.4497554973932	4.3147770814623385	738.5564450862287
23	2026-01-03 19:56:50	10.750824	0.7852459440298362	2.6822877250317285	3.5983196848196384	0.3342691807415136	4.7056961223091145	0.8502672531655606	450.31508557922234	2.157100788740698	165.81150988106288	1317.474129607506	3.470617697977115	461.16504742160845
27	2026-01-03 19:56:51	10.545068	0.9346434955083787	1.740655333587453	3.085035613027887	0.6202839920323707	3.0343518317744502	0.9179993070607737	1143.4593897396862	3.0914175092422016	566.5990162365526	136.62264735110318	1.624661400665218	154.51774099465553
25	2026-01-03 19:56:52	10.26713	0.4584951586052275	1.8383397026860337	0.7052202458156185	0.5692147859001697	3.835756407180912	3.2235748013246246	477.726191693101	4.419763452964381	607.7224611095767	357.4408185235151	1.4287875350740484	707.7142414195368
28	2026-01-03 19:56:53	10.12646	0.5390907382213472	5.510969050788801	2.2372911346964006	0.2807088495763661	4.55588141671591	0.570647709403695	99.07190822055043	4.108511059461251	243.59466312845922	932.7181688649421	1.349713484929931	781.2109691616149
30	2026-01-03 19:57:00	10.750477	0.9310557167697504	1.0982379309190562	3.556551209743354	0.30448034030343235	2.6578444402164596	3.1722838194731975	1894.6744924532798	2.195073797195989	367.4337588325518	314.07199965067707	3.245961264000434	51.58512351577173
31	2026-01-03 19:57:02	10.749949	0.39902414403152364	0.7456979065021958	1.9911297074926884	0.5162394538690344	0.310086318165669	2.0090944040660097	233.40639245069758	2.38782701835249	415.7054604691246	1443.7288687935468	2.0323879747021034	361.0489432775837
32	2026-01-03 19:57:16	10.572998	0.45535937194844583	5.827580872074574	3.8971353060549445	0.9723827275195415	1.1935698998278115	2.541046470572147	1781.657454103884	2.0923715629460804	529.9810356963419	626.378444972534	1.5235786178892954	161.8001643063584
29	2026-01-03 19:57:45	10.750414	0.37268074288604625	4.650109817133512	2.4551696034855928	0.07042104978930375	2.9370961991244258	0.24241608377910873	758.515218167026	3.655251104843737	110.49992921844796	871.7516415150394	2.0885651204989415	502.9990436128366
33	2026-01-03 20:23:56	10.503177	0.550120403174826	2.8954742204048967	3.7804044732742605	0.30643856112119655	2.6015367806557226	0.31039439681852077	529.4906589063644	4.1944347954376795	713.6332303489776	750.6154225946689	1.4719779140649525	588.512541400932
39	2026-01-03 20:24:00	10.752307	0.21072029077936805	3.158123184690002	1.026946818180119	0.9577294486281225	2.0908442048576523	2.2539201081860334	916.9042268682781	4.185052631336719	697.1568230357957	504.386329083234	2.6345181687117063	497.15319314452125
37	2026-01-03 20:24:01	10.751914	0.7283466767744644	1.8672395192939129	0.5075565801821045	0.7470778605925694	0.9290848555356543	0.4992548150763456	872.2868552812346	1.2938768808359997	97.25632018541341	1311.9963462702485	2.778078176393597	144.87565932909916
38	2026-01-03 20:24:01	10.752427	0.16047792202169542	3.6599804564584963	2.471217804666136	0.7521387390773387	1.9720572228023217	0.8271744191470585	1154.527403616055	2.9125126799031116	117.99896426572093	1128.646021193408	4.1745103582592105	552.1896320377047
36	2026-01-03 20:24:03	10.750932	0.7830537357343724	3.901870535898899	1.8233810361359777	0.16717897113318347	0.16180533531739583	0.20395400231353333	1019.9129604664594	1.418785946925433	675.0031327851423	1146.2898945924615	3.376870884914059	624.9741416192912
41	2026-01-03 20:24:04	10.750755	0.9538340481245893	3.2308181208175686	1.5159206379670178	0.5433898703623913	4.344024643152835	3.1921301097071346	735.3110163457588	3.4335055265410808	72.69799644964598	846.2559972440727	3.4399647515113836	295.0601084683534
35	2026-01-03 20:24:09	10.722944	0.05646603649092713	2.071230026234022	0.7930885413780822	0.39525153503734833	0.998566327118636	3.315904165626268	1709.6728089637145	2.0342403079290214	485.1473798760178	291.1556220982751	1.8300875852106038	292.6179905954808
43	2026-01-03 20:24:09	10.399812	0.5281231008023751	1.9819496934688632	1.553475324774697	0.5473229888050153	0.3686725484637945	1.4150541583987057	147.95250660624367	2.957162740739668	336.04567321312226	294.92940451592267	1.4846304809701394	240.45652578070423
44	2026-01-03 20:24:10	10.751983	0.26248796919043577	5.047741089982116	1.3691519992189547	0.6895417327741964	0.11170981049600126	3.7532611737778225	1663.4329983487423	1.6535717623217976	247.16409722163323	1817.1322810651993	3.1456879113832357	779.1835886253918
40	2026-01-03 20:24:10	10.751022	0.2989070728153912	5.962747237473013	3.6873576213431	0.3798948369173238	1.6785118489779716	1.1345380537953567	1288.170163197106	1.5848941130438783	852.0614511048598	317.55785027940817	2.672606483851625	476.02087237427753
34	2026-01-03 20:24:12	10.738119	0.49573270161821126	3.9904346721429893	3.054976665848085	0.946439195330461	3.558608289772025	3.5364061359406516	941.1969132882215	4.170877940358689	572.5108286488514	1647.3966507633122	1.7544334755905253	374.3481286616344
45	2026-01-03 20:24:18	10.750925	0.4105167231498373	0.8603414919568415	1.2156687361520664	0.37440021568150744	0.15052560786300662	1.3982410904276885	1516.7693991515362	2.2609058308436127	282.5620960072221	1242.4127609985424	2.8754485452630956	206.94436141185207
46	2026-01-03 20:24:21	8.8466471	0.23477582217929466	5.764882594312713	2.0294228459123596	0.8972391428741413	3.873866293896657	3.1005457640567	915.3607423828043	1.4683618281423836	549.4909959182107	1008.8756205597382	1.2141486999305318	569.5974894596629
47	2026-01-03 20:24:38	10.752076	0.15185170071080722	0.23666379524869274	2.5263886217891107	0.7045667521268795	2.1492111751543446	2.481228197414545	392.5263420276059	3.354944945079403	423.18927454288126	876.4191718409537	2.6996924841290535	404.02773268295476
42	2026-01-03 20:24:44	10.558097	0.9044320841589719	4.221781837803959	3.7925292782171303	0.8124390791037538	1.9568071987332676	1.0152456622651003	815.8148322644415	4.313075960582994	151.21871593737967	219.4454810489459	1.591081249254359	597.019651819136
48	2026-01-03 20:25:02	10.753212	0.04528465231246287	1.9710690571153682	3.247682563184803	0.6319982215354429	5.228950490752236	0.8254528088639033	152.34355901954416	3.865227631509575	144.84777121742525	1011.823971516783	4.509280760467575	793.791305883813
54	2026-01-03 20:51:17	10.755158	0.4996065644649166	0.33861907338689257	2.920899903630833	0.5313520465982109	5.546335165962354	1.9721903536455765	435.8750745538995	1.2155335850416895	123.8538901812301	1842.8952744762855	2.6840705552043005	583.815813710333
51	2026-01-03 20:51:18	10.752087	0.12462163594674558	3.9164625007880756	3.613685829903921	0.4231235827450847	4.584588313437589	3.7667382992952345	1875.1410513198484	2.4927905309650096	209.70807629857038	965.9848578224587	4.011023129192741	761.5768901608974
49	2026-01-03 20:51:18	10.75145	0.7377436288828557	0.04474958785931493	0.8329955186306732	0.7576402379730887	3.434847237592528	3.666689589200918	842.2014046485897	4.72266358498547	309.1664389448175	1281.8399589726973	3.3572030796265278	824.8382169276026
52	2026-01-03 20:51:21	10.750883	0.41992940536692125	3.740813282671035	0.15461990342635	0.12695797296504463	3.7245424039130235	0.49367748235954845	143.49688383823582	2.61122880835906	365.8935325953375	1730.3274737425618	3.6240220684538693	102.46541787369819
57	2026-01-03 20:51:26	10.751332	0.396568245905789	4.5914942998100035	0.8001998445986296	0.9527724234274602	5.4282652348748455	2.1976853600566466	1449.073413147556	3.2438306136068866	101.46264273530335	763.0129176505236	4.369829379599947	61.27276489399446
58	2026-01-03 20:51:30	10.751195	0.5439883171410285	2.1805205322994983	3.039194240382459	0.38892066211500365	4.817601249718656	1.7524743629060229	79.17686440104353	3.0634245492610614	781.2618353768603	1364.1409224779804	4.035580843979602	766.8204731077275
60	2026-01-03 20:51:30	10.75627	0.6912822928644748	1.117576188744614	0.14415917914338694	0.30942974048566807	4.3190670187260105	1.5380182862132141	848.0530557156983	1.1637300905622872	672.8138219647158	1631.2810991124356	3.391504379535315	334.8441194764886
56	2026-01-03 20:51:34	10.751269	0.7638588761434266	1.8975786340436007	3.982560241881287	0.5962837070403407	0.2045610638324873	0.8432312256665224	1068.8348306358694	3.3661359019628554	168.29358394230366	1650.0910139933899	4.564812689037544	820.7728826826817
55	2026-01-03 20:51:36	10.750772	0.6193913216362296	1.3273405993160448	2.7860214131882537	0.4428188499942165	4.871305389139718	1.0593986699543338	678.5551126847697	4.873203563863391	748.1141033800443	470.3637810463931	4.253228514557661	186.521870983812
61	2026-01-03 20:51:38	10.751098	0.3250682984814277	5.94926499715845	3.1856242191854016	0.15054314581385608	2.5257690628097693	1.2431648513131845	1025.2017758248694	4.574236047856859	662.1219165335209	1546.3072172537745	2.6052499008464296	660.9425873081079
53	2026-01-03 20:51:44	10.751102	0.4764481481886951	2.7342503955576336	0.5179563760749442	0.7465211356928793	1.3311127244586172	0.389133363847713	1095.4488296239806	4.0126001184691695	750.8618765791921	1071.2011123280934	3.8632905192160694	151.75667712721383
62	2026-01-03 20:52:02	10.750622	0.6724168859242291	1.5285722643393693	2.8563443806587285	0.2120196478310079	3.631276060991535	2.2782662923702244	1907.1739937827542	1.5665145402465466	468.819181071631	34.17334235358203	3.3172558436361	226.70934581502993
63	2026-01-03 20:52:06	10.75165	0.08496106819891525	4.983843051985276	0.6740195070881276	0.3133201467256056	5.122567385454432	0.774491825524712	123.13607386842216	1.9077731730823746	326.0396479085782	1754.491443236196	2.8421245141199196	517.7907620631254
59	2026-01-03 20:52:36	10.754999	0.60009097705674	3.9429412123469563	0.2862345495210863	0.36265987798833027	4.979367799825892	3.0508164458466362	263.82281750610764	1.2270559913970625	161.76062532274813	173.23118847144315	3.0865684536361093	330.4358903392771
64	2026-01-03 20:52:42	10.71687	0.5577819485498298	5.581430402785976	0.6451068869683199	0.4196806222778729	5.013410645924715	2.962288992369559	1100.424847886254	3.253550384250107	573.8734518042884	904.7422275303979	1.6968570755551944	768.0042619986451
50	2026-01-03 20:52:59	9.4298652	0.2099226437434641	2.320722394856488	2.3775806717051577	0.03695065323579366	4.963155477166292	1.4250760602248342	593.7091137551834	1.98370994583937	794.7231407257109	115.99665480283738	1.3458807912124962	709.8901664148888
66	2026-01-03 21:17:23	10.747254	0.43091505866338775	5.554257652046198	2.0122862207995675	0.1143933989734125	2.177801278216734	3.813449739942633	114.16959294003243	2.1060682567500515	34.41063899946016	410.26628416707763	2.0700279710466063	32.271507324538675
65	2026-01-03 21:17:23	10.751816	0.14252424035023503	2.2085623304282187	2.8964788354396713	0.8262651976803772	3.4756899882104353	0.32044080207720604	1089.1236290231764	1.3638083460251926	731.8343456307218	201.46914830680328	2.864360656712766	575.9133533742864
67	2026-01-03 21:17:26	10.75113	0.9744279611304216	4.919497259574527	3.927272864490777	0.7348593674783606	1.5498309685991984	1.5321695348100737	60.1638018069433	1.759350631553573	605.531777730954	635.8992771979962	3.947068048895686	695.3087480723301
69	2026-01-03 21:17:29	10.744447	0.10567160804587727	1.7252671690306738	1.9728577746784957	0.7129098756976644	5.566580860467903	3.961754072614738	1271.2023239931389	3.0115317523313223	524.4644659389917	128.2900052058934	2.1273074991367062	831.8538921817849
68	2026-01-03 21:17:37	10.75145	0.315292090198519	5.523266451043606	3.405167068990465	0.6467354252548825	5.351170967996839	3.7451158467263963	554.1450445249868	2.334279736831094	809.006401629104	788.4385256066859	2.4300851089995295	441.13778461409055
71	2026-01-03 21:17:39	10.74936	0.8255200167622894	1.3479936033278797	3.1305489337115455	0.7429887870027545	5.9458622117753555	1.7010878671453096	580.1778840019784	2.7154380781555894	662.7371639767891	241.79559559414395	2.232354277886134	757.8087374288176
70	2026-01-03 21:17:40	10.750818	0.6966596977704068	3.5467307428820853	3.436908399058286	0.4789307582852411	0.5872812315176996	0.031018319662264426	776.1300093378926	4.603936670346975	860.832852823147	86.87247228840317	4.544253048193032	268.27249863183374
75	2026-01-03 21:17:43	10.751277	0.4659672893366133	1.890933693656389	3.2301499833224527	0.6059712133486007	0.8678666277124396	0.957105123006712	103.05746967582115	3.4619008250253476	221.91791553027448	824.2476878005223	4.872175010143168	417.8353083780102
72	2026-01-03 21:17:44	10.751525	0.8644300707238054	2.517583249414093	1.2921575861306969	0.9270401332836308	2.399037416734388	0.675888480132119	665.6059280160051	3.4036029092118976	784.4111203838004	1612.9834031858293	3.767259719713746	857.8004857447904
74	2026-01-03 21:17:45	10.751028	0.7765915548129529	0.9624471665202168	2.4370688560647604	0.4872004854860371	0.6453174342133545	2.378876651761183	1988.7631320913724	1.4038094529741747	481.65839796542514	234.68559607716577	3.7130050575657423	473.6102939986795
73	2026-01-03 21:18:04	10.751182	0.7211186666879318	0.940277021281398	3.95790335557085	0.7854684305641302	1.2496740252007403	0.276899099219049	887.7130634532325	4.290392754551527	131.17775368950998	1638.6811701349097	4.693799450065972	409.10766528296307
76	2026-01-03 21:18:19	10.750912	0.6043995836655635	3.9767717584058624	2.0061112299966593	0.558165682722154	4.9196701251028605	2.11800299801594	576.0124670418675	3.5361853271514123	191.2892100359607	719.4255180836724	3.842745931593133	224.42840978207389
77	2026-01-03 21:18:23	10.750771	0.719310978498989	2.6091273925491176	2.556137050431553	0.16545761880449444	4.2851999136677765	1.7632864998671227	1255.6028566683228	3.1308570722983684	376.53640686824326	746.1579970984149	4.516288857637096	518.5707496526867
78	2026-01-03 21:18:39	10.751309	0.6266481405184482	1.3648626707157991	3.6404806723579504	0.6779444759525223	4.7767982332602585	3.7758853190769575	1912.2279563287398	2.645950570827604	444.5584298926551	186.97609177434242	4.698314207673821	598.2459167337247
79	2026-01-03 21:18:40	10.751213	0.6651086765796124	0.6613494608639194	0.4253157909557479	0.5723307662915977	1.116639904892788	0.03569144683341663	211.77588722515782	3.196335706958612	536.6650011068705	440.7384578002901	2.9160330546012787	667.9282603772841
81	2026-01-03 21:43:19	10.753504	0.15398489358306822	4.859778620001805	3.543804827692121	0.5906007045636964	3.1604496478867845	1.603476203267935	930.682742928045	1.2321079236146204	418.2805515034659	372.5778151536754	3.64424050937854	500.0297019363383
83	2026-01-03 21:43:25	10.751193	0.8766214214561949	1.9225995463619598	1.816533354217356	0.9023486754331282	1.38583391106337	2.6586623274701395	190.62218998549884	4.9076450845267425	252.31754135800236	1924.2369494824961	2.3757222721513735	491.2195145063921
84	2026-01-03 21:43:25	10.751404	0.7338112250200446	4.253969090683514	3.2883980375749298	0.9169385551445697	4.021839884297526	1.1648698464733995	1342.8258134086868	1.7378066627386928	725.5834938082777	1175.3870364181823	3.889135007471186	626.9793659051234
87	2026-01-03 21:43:29	10.751273	0.7419892945130427	0.08223995085104407	3.513198753010598	0.8459435627659841	4.067839200325732	3.943340315584012	110.45802719455423	4.688365477529907	203.6567679534697	810.004312996215	2.960041469294736	472.6251781095981
90	2026-01-03 21:43:33	10.44066	0.17521654323976943	0.7632208100095883	2.708134602117457	0.13708822633575168	0.9371502442871038	0.8607325160886397	8.954813236937525	1.4473816437959015	508.34922790240523	1253.8256312593799	1.417024104687416	302.9270505132745
86	2026-01-03 21:43:38	10.751087	0.6291198998021444	3.28121120968603	1.8851503429693015	0.5772616598242244	5.49195843385054	3.892355861970649	522.5701653849477	2.0049983487308234	789.2430623205527	642.1412156780829	3.914595035476526	450.5835854322788
85	2026-01-03 21:43:40	10.715104	0.8176683783255554	5.474965555976201	3.2693001383219347	0.3463954683802022	2.3337364038826056	1.452648566131192	1489.6235155484474	1.9132940998911707	657.9619926500334	1449.3786297590957	1.6554845041621615	580.729069841542
82	2026-01-03 21:43:42	10.750713	0.7470635610040283	1.7776125355989876	1.9615368628667873	0.54266320555006	3.237835574126474	0.9466632480987593	1202.7993925885116	4.089229118130583	321.39212035258714	936.8194937469159	4.532225888475298	141.2767189249377
88	2026-01-03 21:43:42	10.753103	0.09601416804516572	4.06342123891222	0.3453479024200088	0.7911021937577558	2.002444906550324	0.9608741613568812	1053.69817526702	4.443297955767677	126.4190902238629	301.5946347871512	4.88598273750223	728.8395561186626
89	2026-01-03 21:44:03	10.7501	0.669224140968534	0.4172944276623354	0.9125940198752984	0.6099294392667475	2.556331825765487	0.05853164067047634	1917.414094758547	3.5910631461349136	599.9204925480973	170.77455180186428	2.4745933129966367	68.5317026819946
92	2026-01-03 21:44:06	10.751228	0.2807774677743361	2.390073541768164	2.9762617574698624	0.8489314217009557	2.378452505552025	2.1723427590648012	1262.207017221398	4.696925137073785	414.3172350941139	1426.5043724983148	2.5569998013195914	11.881941038772425
93	2026-01-03 21:44:12	10.751733	0.5209643917196377	3.8315780742952916	0.9406552179804568	0.8607197972239649	0.22694544660719806	0.6080188800599318	1586.82427122679	1.5621425961264586	773.9513850909381	793.4459980827712	3.9053602451592964	777.5592574794921
91	2026-01-03 21:44:18	9.6817031	0.10071416652412651	0.5964032010378042	0.24678399296978415	0.45764797124897416	4.031766661079065	0.7954449246731738	505.5437834450369	1.356185412584254	165.12339137789996	1764.3322078891454	1.2652758313441275	648.5892989069504
94	2026-01-03 21:44:29	10.751207	0.5802617013394061	2.702327075703067	3.941593471377528	0.4018311096204225	2.8634041228709517	0.9031972483418356	1993.2778204462948	3.737393098897419	205.893530824997	230.82310773992128	3.8226149115677064	787.4708664022623
95	2026-01-03 21:44:33	10.751345	0.6780587157815239	4.952988602460975	2.8204678792247484	0.8020319633995943	4.481722517624992	3.377219904511966	1624.400213462649	3.3844562384604604	160.02656690943428	252.42915931276877	3.189613478586355	540.1829137089422
96	2026-01-03 22:09:14	10.733949	0.6659570858276955	5.64831580793477	3.7565770774993457	0.4938524285769412	1.5240368664505866	3.026049696012877	1049.2940396579284	2.2576188179771335	40.12837503620409	828.0758529478493	1.7872389496444376	731.6625532239276
97	2026-01-03 22:09:15	10.745922	0.5633352428134872	2.1131356701301263	3.3861768704511723	0.8286951326166045	4.229125864760546	3.56426848851184	210.46002081089387	4.407862546850667	737.3826080700669	536.7474129137404	1.9857897404482525	92.55992202937455
99	2026-01-03 22:09:16	10.354186	0.6624063742944959	2.572073515663994	0.9894267420236893	0.918391254512056	0.8488219368981476	2.1283996105626275	1211.8793157499636	2.0793965696258887	527.1332345756938	1261.108782750394	1.3896152911141195	494.4017789143531
103	2026-01-03 22:09:17	10.756648	0.8358459784485426	1.0384908393892547	0.596325703727673	0.18369400474947783	0.1907909724830601	1.641705703895533	1075.038643572491	1.1408559624193915	690.7726724737566	699.3514096556846	4.974661435471647	253.4480075989669
100	2026-01-03 22:09:21	10.732811	0.1685778049352022	1.2993245199829468	2.7569736807868077	0.8540557793155285	2.0263495983021707	3.1167888761315674	807.4454694412059	2.05823424373574	434.7290228823004	1171.909035628217	1.7391278575935867	799.940220384593
98	2026-01-03 22:09:24	10.751244	0.5419470424142251	4.935272906350455	3.8157990012220884	0.7936164374268619	5.17024044613621	3.252279346953104	1379.7536525104993	1.4466082213912415	362.6944346603639	569.5501930851342	2.550958172432079	558.9550198398614
101	2026-01-03 22:09:26	10.750831	0.024377817938555313	4.4495131027916095	1.014258954654096	0.20989262338274728	3.143351054932959	2.0420300318020272	795.2699615362839	3.508902652393524	513.2942079408042	1770.4961075640385	4.321219702574162	18.049247789295293
104	2026-01-03 22:09:38	10.750538	0.7918848935406282	4.6315157157578355	1.714013675372128	0.35533002284976256	1.1157730553867569	2.369031902568081	1824.102313261404	4.2382725252926345	41.12356413363966	1835.1459751909238	3.3275847347581333	66.92726714090708
102	2026-01-03 22:09:40	10.736456	0.806171658702671	1.02179015201879	2.405342976829429	0.8114635120849045	5.0685343630463695	2.2175560751602745	1654.8707927311225	2.2960493288643247	215.85876595904992	1641.3849928881586	1.7440851341328085	623.884529274078
106	2026-01-03 22:09:53	10.75201	0.12177642185058518	1.451147394256027	3.7292455292583497	0.18639284786402344	1.7904750408511056	1.112613187337684	1365.5017954863902	1.2644929484339005	26.934919980246775	1344.7515718590525	3.8765616125451157	312.7040563669156
108	2026-01-03 22:10:05	10.751723	0.7141333996665771	2.964271641873512	0.48647850175748397	0.02815957344628972	3.2176806828572175	3.595560520484875	1975.8535462230072	1.6459408662259687	251.82457460191696	463.0074598797014	4.9226166777463956	719.7542170640277
105	2026-01-03 22:10:05	10.75074	0.8393037875546319	5.979147009897121	1.9010621718775638	0.7188676937973908	5.796398116695537	1.4747572088744372	1690.320398665121	3.277286124157551	509.88095209048737	1285.321851238529	3.1643190584405714	114.88430063339524
109	2026-01-03 22:10:16	10.751357	0.8289386670360154	0.03586536486335401	1.649026732618908	0.08336801038546071	0.07103762551252402	3.166897453487101	1243.5666690654034	1.3063311516167007	370.6624647934733	422.7157803069597	2.706685436876173	368.46409186703426
107	2026-01-03 22:10:27	10.75091	0.8532374607545978	5.078918149006665	0.687055840792135	0.9423386043380751	4.3333747050285965	1.0348485860831225	244.40191822656493	2.889603039905814	842.5638223847145	861.3935237442663	4.927651262361429	123.6315274941557
110	2026-01-03 22:10:29	10.752409	0.37758328745786907	4.235288027933009	3.7773446434520377	0.028599235457769656	5.743391494869455	2.930701832903321	1134.65616098066	1.300540273709162	127.33598171263873	1109.631154976559	4.609852762175085	742.9241832626506
113	2026-01-03 22:35:03	10.750748	0.2738286471052902	4.324449409014626	1.4394895689467169	0.1251759313487832	4.291869756700438	2.5031260940890463	677.177511412689	4.332848758793714	331.3718684996128	1368.5404636895332	2.2380222033702997	172.69521241835827
115	2026-01-03 22:35:13	10.752274	0.23142397726908864	3.8430632686517066	0.06282008007496298	0.890738207518531	2.7960232674693586	0.23635343052399937	996.4010622456469	4.644691874402826	271.42956774543705	1087.217173844639	3.4889284338280144	508.7803988315056
117	2026-01-03 22:35:14	10.750943	0.30893662904878805	5.684174601319156	3.6586326431699163	0.12129462993559903	5.868125007567203	0.45992480180955053	1501.9923554269303	4.065894297828867	668.1421213412763	1299.0121739676126	2.4336354248911016	400.6322265501897
111	2026-01-03 22:35:18	10.750766	0.3702205407382042	0.7142328024455207	0.29989898213510524	0.3529351389297477	5.325381320992783	2.6442276747323183	492.9395111207982	2.2432922068420416	256.5033528316834	490.3404548250826	4.800861202078599	40.67882993106991
116	2026-01-03 22:35:23	10.744709	0.8438541092853904	2.532595621682881	3.3221318481135826	0.8711295899230407	5.835384701709261	3.678887815394786	291.8285023146475	4.057337973454823	778.046240375261	1183.8523498768918	1.8663738108017007	523.9653119942445
114	2026-01-03 22:35:26	10.752121	0.36081377345952415	5.684784759341966	0.08446190654488217	0.9054340830917142	3.1132122208682773	0.09238656274450241	1945.464269831214	4.30461616321243	373.6073739420404	364.8756944231494	2.883431575415309	752.9743644881826
119	2026-01-03 22:35:33	10.668176	0.6489922629810879	0.5709145775767692	0.8493075272064916	0.8401795138317313	1.7766300577281708	2.338992626909333	457.51400996396853	1.8140537590184245	538.1261077748921	1527.1572794048993	1.55697499688911	358.31533631225034
118	2026-01-03 22:35:36	10.750713	0.3473677661900797	0.10184956973298842	0.4713308277228374	0.2027717085358413	1.435331649305231	2.4181619470526354	1543.7514410981332	2.0430845181884436	175.66787999920672	1917.56083514156	2.180186724983519	248.41065688290658
112	2026-01-03 22:35:42	10.751047	0.7671030109961899	3.9347765095964773	0.03670990031560395	0.7653163569562429	5.188354804244291	3.354657057710494	1547.7995108360956	2.3475371906111855	359.03758046421046	617.3586377142832	3.1063272746707726	322.2694266861209
122	2026-01-03 22:35:59	10.751896	0.028818974116452123	2.1328586504627554	2.0645652631635962	0.4094624677567829	3.107633186169353	0.47306204714139777	288.3446300286532	4.018516075237304	627.6636904657499	1536.5745054056263	2.746252401566587	510.14647566715007
123	2026-01-03 22:36:00	10.471129	0.36770625429063375	3.584308558942798	1.471262735291683	0.1515559102023034	4.412242040736456	2.2878462974781653	694.7870795725163	1.2797900553632344	456.23321279097354	1062.9767408439075	1.4378782664219707	764.8628529555194
121	2026-01-03 22:36:03	10.751039	0.6360931986742902	2.8101893246001675	1.6573081821506772	0.670640520268298	2.7400586206763498	0.6042458744751178	1657.711362580978	4.091446407195641	815.478738813425	450.9836066795817	3.1169577674410784	300.7403004031155
120	2026-01-03 22:36:14	10.750978	0.5926936771873783	1.4687068394906952	1.060174267127937	0.8669056379221982	3.28936464463786	0.15388627545156175	1860.2960815490055	1.9975678408117	146.71067555967886	487.57469235971143	3.522797540300776	62.81915488258744
124	2026-01-03 22:36:18	10.750621	0.6429583181434543	2.714928523723515	2.967350391043271	0.2168828050414155	1.360528261389173	1.8481133263808298	91.00705019402471	1.8155563701518405	505.6372284639119	1019.0078293638976	2.7484382710158752	41.10737713718402
125	2026-01-03 22:36:24	10.750846	0.8707604735555414	2.637274059664012	2.7787463500816005	0.8515788352706678	5.8887172555114145	0.2217578522268513	1277.4616659918279	4.840856476586835	557.4015763499272	1880.9969539049578	4.472574016829724	135.1049772787644
OPTIMALIZATION LOG --- 2026-01-03 22:59:29 
call_id 	 timestamp 	 rmse 	b1_org 	 b2_org 	 b3_org 	b1_min 	 b2_min 	 b3_min 	alpha_org 	 n_org 	 m_org 	 K_org 	alpha_min 	 n_min 	 m_min 	 K_min 
2	2026-01-03 23:26:32	5.3337854	0.3208582080099617	3.1275795918703415	2.6329696336110406	0.5652727425078542	2.6719098981385034	0.4729759265981872	1561.6903897457892	3.852410883642727	358.7468831717083	347.6423558109502	2.867671296964943	537.8224504705788
10	2026-01-03 23:26:33	5.3326414	0.6740261431406669	2.933779255820795	3.8021876808766817	0.9153835788954945	0.06434892543885384	1.8980556539942817	774.6035215487955	1.365473836935078	603.9554664619537	911.6868497743594	2.450464432161289	264.63375237516294
12	2026-01-03 23:26:35	5.3415307	0.08777078846537895	4.349964785208513	2.1005917483927177	0.4019637252163429	4.961908954038325	1.1670916091365333	1893.588192634801	4.641440496008721	740.9775776338116	1160.4771120899338	2.9258577141135294	646.2467599418733
15	2026-01-03 23:26:36	5.1600616	0.16407236914725132	1.8735688152998438	1.8109672153360157	0.6740460197229591	4.59825470406594	0.6282921898380256	1398.5704583552467	3.415092893425635	446.82452103431035	95.92427417550755	1.6871563139102659	370.264924685694
14	2026-01-03 23:26:38	5.3486123	0.9959815561960537	2.3903318243955614	0.9258403883412245	0.390773792624758	5.4561799537747975	2.6836759248857938	1088.1399378494555	4.142514843148571	42.27105651896886	941.3024014139205	3.786872305335368	340.40886908015364
6	2026-01-03 23:26:38	5.3524915	0.5233341704992084	0.6444784232001628	2.6192237049710245	0.1739362287827536	1.632074394523579	2.093721500777345	533.5144668329258	1.762039532081487	51.327467803195304	1873.2604739048566	2.767361225066216	543.3743161738222
1	2026-01-03 23:26:40	5.3399134	0.3959389031846603	4.4452203870756115	0.9811231783165868	0.4956584592098007	4.818642373195983	0.2387654638784853	699.34382393689	4.958898037604082	497.0524846122145	1305.8336152330257	4.274715288151048	262.7248960836456
13	2026-01-03 23:26:42	5.3263921	0.8500837131782588	1.0194559763833904	2.5640267136637913	0.7495351311574444	5.653767098875163	2.3707430922993113	492.9915311962084	3.7766078964947005	691.3257447831293	768.6298867598773	1.907901803641224	721.23680753397
7	2026-01-03 23:26:42	5.3286132	0.5636272533047983	2.096806674310771	1.5123050326764318	0.8622421998627811	5.694345933416387	1.4780066231592044	379.15701497597956	2.6485560547897014	845.2205206730275	435.21747250972385	3.9147121211329456	650.4598305083902
4	2026-01-03 23:26:43	4.4751701	0.8610448608590426	0.05927533276689978	1.4165939349012713	0.09947022413135337	1.4363736815460795	2.013149917675797	24.997658990775335	4.806921620966767	329.89520079843936	136.54486108268247	1.399863425866393	548.3141843821821
16	2026-01-03 23:26:43	5.3133517	0.5459907189076085	4.309191108910034	0.1908128510547502	0.278175968660087	4.360667797375609	3.0099169404667023	1354.6912548394334	4.111718451038785	796.3674738269519	1474.9723543888758	1.6614609507988762	149.33516441388122
8	2026-01-03 23:26:44	5.33901	0.7519642650694025	3.153866834531868	1.4483807475113362	0.5723117651559448	5.642294095454298	1.5078243353592828	1113.4433809687225	2.1853487066469652	323.18725316868415	1184.8481705401705	2.124638053143957	410.823028261761
9	2026-01-03 23:26:44	4.9729013	0.06399533374840943	4.510030225541075	3.688998866497644	0.194163785475711	2.8410446367400133	0.6580585730625241	1493.6693642982207	2.559439608299815	114.97510217434234	968.4819676297349	1.407812188885726	591.1967529106386
3	2026-01-03 23:26:48	5.3542849	0.11476236300591958	1.8324523057860205	2.5820087012474233	0.13333964824369715	4.197166993714769	1.209623821722781	1379.7831928327012	2.5304934960789045	818.9279005571851	756.6869583751375	2.0464662893351027	131.33731509844137
11	2026-01-03 23:26:51	5.3321713	0.44257190588990203	5.958434895034872	1.7380925027509138	0.6675474483281834	0.1560582765893166	1.0941513977632775	532.9536853988795	4.93203905192556	171.42549260521997	1130.8079622773346	2.3576327338703993	529.8324156134462
5	2026-01-03 23:27:18	5.1605114	0.29968087425608536	2.769610228111718	0.24881984337874385	0.10731561074446722	0.3483776274138166	1.9192556205118065	1616.6332365979074	4.311422086764679	770.0379751982066	1226.669793871409	1.4765123985273847	321.979683798662
19	2026-01-03 23:53:43	5.3470044	0.08376147730647754	4.828009137081026	0.6709948828128456	0.36182819030544655	1.2539717338532397	1.2473828113646792	1055.6107415390286	2.579596631053044	726.8326131084743	1716.1586386618512	4.449728836724858	374.75820322508747
17	2026-01-03 23:53:44	3.6260984	0.9519039730526959	5.72602595511627	2.380054620944339	0.8488401212667886	0.24369064189092615	3.8268231513309283	1255.9609533271234	4.5833119946805585	745.9310624118124	519.6720498054981	1.2452417364185657	308.3241791795156
25	2026-01-03 23:53:52	5.2911415	0.6859879583193682	4.98652277937927	2.1775990180825175	0.7855675245177673	5.070593100634881	0.18765357430903884	352.2221091442516	1.3516304201329954	71.39783702031127	792.104852645592	1.6977332278538162	336.07424783260956
22	2026-01-03 23:53:52	5.3299867	0.09819301072315911	2.220870359706331	1.646177574685363	0.7879375249662686	1.0319686892543765	0.15125976298128707	43.81912382721646	2.9080649673771175	39.832952531952515	1369.6785930965602	4.476090588127768	498.2489096760326
24	2026-01-03 23:53:53	5.3332027	0.05066013119906815	5.748154941866632	2.705811979052395	0.5073338114597601	4.908085987107793	2.416124240466461	1302.4781341326639	1.4142011989017804	589.4105536980775	1209.6072658973496	1.996620105042807	395.96400548433826
30	2026-01-03 23:53:53	5.3361332	0.14841482872855793	0.20813365377944226	0.8711147341055221	0.6723177450501997	1.2101607453386687	1.1200087662275893	1071.1934153635923	3.8336072862467683	801.3547784062572	1136.1442351118708	4.991554525540666	314.38000857853496
26	2026-01-03 23:53:54	5.3459527	0.3911151637631839	3.7771538835135945	3.5540158976607317	0.06513064402460461	2.1102445619948376	2.353472599324111	1022.8859435456086	1.7458307665304873	694.6436160308697	179.74075936246334	2.38893752347224	683.9064708930448
27	2026-01-03 23:53:54	5.3436447	0.21745749620715082	0.43963971312415495	1.7050421426466384	0.251745844152327	4.9348276311395605	2.942304710805948	616.5537636156573	2.5179961113131615	597.7888496903299	333.9578853038772	4.7033385791147495	613.2727540938738
29	2026-01-03 23:53:55	5.2503567	0.9565514299468212	1.3157862956643993	3.793289751461307	0.31606104227954934	0.3752311617058095	3.0479708789690636	137.01181728485653	2.368059867438808	285.7106839099737	1495.5556909283782	1.543019447209058	430.42974633002456
23	2026-01-03 23:53:58	3.108632	0.8639996452384909	5.484159255259932	2.5523020197090585	0.24335186856424684	1.368602273680427	3.36217429442167	333.35165752707746	1.560316958709243	133.68499111225975	933.4458910886794	1.195354527252964	842.6041887926287
31	2026-01-03 23:54:00	5.3268892	0.37109895268461	0.6202091755638195	2.9856507541039274	0.8036506397198955	4.83184810112332	1.8677964654877952	1466.5797207679266	2.6270510655943227	337.1518150440145	1168.636067087637	2.408262530626307	665.5891618369641
18	2026-01-03 23:54:01	5.3391545	0.09222603370448068	3.239449364526678	1.0434466895738717	0.36443504721709497	5.731672912029881	3.805473413954471	886.9888739838451	2.1509448985864976	74.9641268414988	891.4585048085299	4.892667153931104	655.962016543725
28	2026-01-03 23:54:08	5.3479282	0.5589195922849034	2.357858439647397	1.4594876765813152	0.21633748630072774	2.77185425929356	1.5355129293910093	1066.1764547052076	2.4081593761066085	647.25914068057	1388.5509525214247	3.373371500092159	778.2582070929448
21	2026-01-03 23:54:09	5.3308955	0.6669601237495114	0.2571860550082996	1.1337983970161198	0.7729771882449996	0.3524336702287898	2.0560766605167764	1441.1956632078918	3.5285245919251462	227.50423277033983	112.30806130059636	3.06707315817374	725.3473649632159
20	2026-01-03 23:54:24	1.4301689	0.14604875735685646	3.8019622471535923	1.0085062242951852	0.6584288423023185	1.2331725574012122	2.1208653848366055	471.77873201137004	1.2805701899685245	454.83648117687596	1464.8319342424586	1.1136997677256109	785.285441302909
32	2026-01-03 23:54:40	5.3390219	0.21165586135887393	5.666929629501665	1.2974591037195307	0.4883717096089398	1.7290035391080918	3.373286781894535	805.6873795819286	1.9503015244237902	19.691334920571308	1243.1752444426277	4.797583685923539	220.13180876650108
33	2026-01-04 00:20:55	5.3434527	0.7908639021253354	2.4827887641942477	2.06823451541108	0.5739141052110438	0.8780642011235043	2.2709944902412986	1781.7840004815848	4.101798893189414	99.77112759862837	422.1112844411126	3.8404622161225865	167.8351626953114
37	2026-01-04 00:20:58	5.333652	0.7685790184297392	1.0666829473331914	0.704125375926935	0.7816307266467964	2.600941962352143	1.3705457770944525	1212.6990720359229	3.6669896015622703	579.7479628182448	245.25156211207775	2.7057284239199038	560.8522773657123
40	2026-01-04 00:20:59	5.3352257	0.8511458918240831	2.642986782492376	3.7601899954334534	0.7232365356646716	4.527226419112936	0.3004412627329234	1695.1791685113644	4.940646534605402	229.35650554582628	1292.161581038371	4.506650503716445	643.8269921444111
39	2026-01-04 00:21:00	5.3272367	0.7224477880625868	3.73173748029354	1.8795904811425974	0.9797310329907397	5.121561143713531	0.10584760189213616	178.55564186741196	3.727762391892888	241.3770959950071	1271.8682754531376	3.2557356029479374	748.3094673996959
35	2026-01-04 00:21:01	5.3340185	0.25527238086317755	4.753843611795502	0.04002429424816034	0.533518733383134	1.1601641091192252	3.8879577559718275	1126.0351872068559	3.620520000046136	735.4496816962651	1087.3916982302867	2.00163136922347	366.13395805945004
34	2026-01-04 00:21:03	5.36338	0.4662977576553994	5.468169783258192	0.5801371983941419	0.023214675041696442	3.588286216643085	3.932175000229952	1508.5412839792891	3.0627341823441587	214.09271332484275	928.940762110521	3.48153566520595	49.0387055796391
38	2026-01-04 00:21:04	5.3339035	0.9876980499457455	1.4177476605318684	2.598253227944584	0.8120962194181778	2.815244577386081	2.839786676738126	234.06817898230463	3.802905744386851	635.7755609052981	379.381687490481	2.8124139610281977	749.0135407042496
36	2026-01-04 00:21:07	5.3395823	0.672917417292643	0.6150278695954863	2.4426162513904557	0.6296120037472338	3.9630025248171488	3.683626507813119	978.4777391467799	2.918208062735285	437.24810068680375	1763.7937842992535	4.168746911272864	254.15866641971937
44	2026-01-04 00:21:07	5.3454387	0.9934368804102702	3.7226697059713154	1.2197845919961252	0.5817577365431195	2.7193083799516677	1.6586141072533047	1986.2768996084442	4.6492912564122175	412.75831941421035	361.45173869663904	4.421930234585588	160.69059634208645
42	2026-01-04 00:21:14	5.3401479	0.5028621086848353	3.313214873523967	2.9081146289468167	0.5551502946475062	5.827498737631966	3.5184577334606333	1460.6274007691404	3.1081987975100622	794.3062705876969	1015.0923904521715	4.434841580164088	221.9022394059251
45	2026-01-04 00:21:15	5.3371269	0.3268988439580135	5.067883479822081	3.1678006471985403	0.6403155971597433	5.5367018037552596	2.9149708404486128	1479.426212315622	2.3112320227228595	386.352832346578	1606.9808491304566	2.557288761725715	168.02190515554344
41	2026-01-04 00:21:22	5.3279262	0.7367931815968373	4.697773919109729	3.7337594909960385	0.9748255245137482	2.281716244528268	0.2535583187479882	173.56703128282356	2.0544315176484496	32.2937914949062	1484.9191220744224	2.8545538462932956	793.0225155328321
47	2026-01-04 00:21:32	5.342604	0.416003636117663	2.6874480706818398	0.17007069706117495	0.47429129600517594	4.2360564078617005	3.170943686316649	217.5345877650642	2.337091238630297	399.15626044599827	1517.4335173109926	2.672729561859368	122.86623133665319
43	2026-01-04 00:21:38	5.3413189	0.7937031988942205	4.28517539496406	1.8716544645434894	0.4582617423302974	4.347727235222899	3.4334333575655043	59.592229862570434	4.421579939280026	277.20454912695106	243.05288318284488	3.9028373737968893	680.4279714975224
46	2026-01-04 00:21:43	5.3325359	0.03685173746768816	3.0824708799973033	3.71344882779543	0.6833917606226473	4.168709082092961	3.023580584544625	847.1714285226103	3.676593353515067	63.47612152856124	608.141968111041	2.491278375955953	825.5382794887297
48	2026-01-04 00:21:55	5.0689241	0.7396181048298084	3.0971952760816195	0.6532105043369876	0.4195335160088992	3.436018487699149	0.172628868245583	68.70786735638637	2.5234340861902407	54.37864820494684	350.8467028454088	1.503810816149077	230.37093517035066
53	2026-01-04 00:48:04	5.3269868	0.5240100268515748	3.247045365861012	3.5643394676186153	0.8129352903560416	4.76671887757335	0.4322203715819386	928.4439081465251	3.568186981509733	189.64185548565584	820.7552242879365	4.715758484212664	841.7982913914841
49	2026-01-04 00:48:05	5.3482343	0.7833226680379601	1.047068835340007	1.3799495454511432	0.27275427925900214	0.6579627220024307	1.7073090956437231	971.9041569250577	2.0425849344771327	186.04540200797518	1505.2292588071887	4.361032815213796	689.442516236378
50	2026-01-04 00:48:06	5.2508825	0.07886953792736096	3.4373810090661516	0.726095408183268	0.7758775426922442	0.8605024428223853	3.121027124219195	1746.0407141917633	1.8510576055291885	855.6932475145284	367.23072034506504	1.6711237273556165	584.7394746029923
52	2026-01-04 00:48:08	5.1089476	0.13919460021135055	4.785574002635771	2.8187189092691503	0.17697946912185725	3.885534533635981	1.9091092765078883	305.8299038805069	2.891962205130633	582.0283942528763	1726.247593829762	1.433811976404824	501.5027115123656
54	2026-01-04 00:48:12	5.3573207	0.7179454107131941	0.4023175187760608	1.8649184035503628	0.028005656995040595	5.257898156040051	2.450919799825338	1977.1611226675136	2.9350029481147635	270.01893196735034	270.0900319667138	4.865047389467815	826.950352129312
51	2026-01-04 00:48:13	5.3541598	0.8738870952686578	1.9583780278806653	3.968695331153212	0.0799727559260992	5.392382608485136	1.4385048785301837	1369.9503325105911	1.3020842432995101	290.7529502345765	1052.8417177781046	2.8616553754388536	18.78953405003182
55	2026-01-04 00:48:19	5.3360264	0.15619631404271145	1.7120374785110353	1.9773131964769863	0.5406550127306844	3.752144222259675	3.083905480588631	984.746317838693	3.906428251851616	520.6401347807054	1325.493030201516	2.2210510738556843	447.368227530507
57	2026-01-04 00:48:22	5.3504754	0.5204740035041039	5.235793491669386	2.2636665874098667	0.23557951700177504	0.27924300785736467	0.740752253608949	1804.1766196780438	4.678315882680527	390.23261231821584	1774.4531433938519	4.953210961313051	258.7896109521711
56	2026-01-04 00:48:24	5.3347537	0.6019297491395574	3.063834484198214	3.395154100511758	0.721355386086865	0.7292482700074818	3.2864925767468547	1710.410402173236	1.4386157717023274	205.80085480672952	1745.4918627090137	2.111979083228342	513.202222877674
59	2026-01-04 00:48:27	5.3450944	0.30936057063872496	3.8965876945800892	0.054501402387623354	0.21310878200863043	5.338223185087475	3.108160231157506	1073.8737352315125	1.4631592729459446	18.195282412447	975.0316230817467	3.3928902558108036	464.9158505516955
58	2026-01-04 00:48:41	5.3308723	0.3511303569423808	4.672315896538556	2.832996235769852	0.6451402088227988	0.6683154767494579	0.8550337520939122	1267.0022355146016	4.9755718493027095	755.91720102	1002.0273363865829	2.297330703082562	655.0715208336269
60	2026-01-04 00:48:50	5.3422378	0.44618750555490755	3.5112095924688975	3.0602188557751573	0.37937923457128	5.992899282367839	2.817513327026861	1386.5686306705825	3.4653305621290933	65.68911443113598	1550.1913017138218	3.352102252342645	386.70579294499555
63	2026-01-04 00:48:52	5.3162682	0.9993623314100339	4.160933296184465	1.687397435806728	0.8569961507385622	2.2344001084669034	0.3581310289202544	339.12946897577797	4.062642599336895	661.7076637670626	707.095880453988	1.753134744575577	47.35499153227511
62	2026-01-04 00:48:52	5.3378318	0.8545838594296663	1.8293816271836063	2.975666200905137	0.08703106811977468	5.885700333000498	1.3216664581673485	495.32807264356086	3.849341326113381	328.3248018641315	837.8416344710986	1.840772705411502	820.0687794411228
61	2026-01-04 00:48:56	5.3292968	0.5356031437376023	5.111214206224897	1.0308335861860514	0.2807320257732685	1.4886455807784618	0.5217876827862511	621.109728224237	3.0271439945008587	260.4728135009648	449.64012585355965	1.8547849480825298	504.9959324636893
64	2026-01-04 00:49:25	5.3270256	0.3310931697580292	1.8016753487878643	1.5645110954763815	0.7943972806708745	0.6085161568519624	3.549944149774494	510.64220807486623	1.5937494766390417	419.66538356304835	1785.3430117381304	4.8807068219496745	705.385174867082
OPTIMALIZATION LOG --- 2026-01-04 01:21:02 
call_id 	 timestamp 	 rmse 	 rmse_heat 	 rmse_moist 	b1_org 	 b2_org 	 b3_org 	b1_min 	 b2_min 	 b3_min 	alpha_org 	 n_org 	 m_org 	 K_org 	alpha_min 	 n_min 	 m_min 	 K_min 
