OPTIMALIZATION LOG --- 2026-01-04 01:21:02 
call_id 	 timestamp 	 error 	 error_heat 	 error_moist 	b1_org 	 b2_org 	 b3_org 	b1_min 	 b2_min 	 b3_min 	alpha_org 	 n_org 	 m_org 	 K_org 	alpha_min 	 n_min 	 m_min 	 K_min 
13	2026-01-04 01:48:27	5.3286111	0.81891046	5.2653092	0.4085060588541051	2.6606948877808394	0.5886539087683351	0.7934050688217356	3.917673005604892	3.7459210748653726	505.7143782993385	3.4606624188340374	563.6332418103314	1297.2352965491664	2.8408617739348667	590.0119288034101
11	2026-01-04 01:48:30	5.3324011	0.89398561	5.2569279	0.5363606847550457	0.8762459471528956	1.6262992383774226	0.3929716561987574	1.545203624174658	0.3897406739616338	1954.8567910994448	2.68015656875016	411.8760894598508	1013.5639466925342	1.8539745631403337	614.1832411589173
16	2026-01-04 01:48:30	5.331256	0.8360197	5.2652978	0.3282285015866604	2.4745430002868907	0.6974123408917192	0.7744328957267799	0.618272556176712	0.14627561174937043	1023.1797219232152	4.993493661746356	637.2029172530131	1324.3383139396215	2.5692280220743586	359.1355197781594
15	2026-01-04 01:48:31	5.3319606	0.84042314	5.2653104	0.5240605821757556	3.6109277873127663	3.09806326565524	0.98253708821415	2.1516333401269945	1.4474028000814663	622.7523308854213	3.2455810279170434	102.85653279049649	364.1069960534709	3.4901465533055087	139.95364980603324
1	2026-01-04 01:48:31	2.9299719	0.8203056	2.8127983	0.5140834442628754	5.316159593971145	3.1866068313428126	0.9010573289773984	2.5092630809492835	0.6683649240518197	1625.786491335776	3.316043397066342	95.92958466490376	1214.7390032132	1.1798472026459355	190.744916588167
9	2026-01-04 01:48:32	5.3382711	0.87957021	5.2653105	0.5611667761808865	2.8572195610092597	1.8393888845187298	0.4279306707159145	2.8838849184561988	0.9824848734046152	1208.3021256588204	3.065554240870052	77.86890372574953	690.2223964659344	4.698791965488185	798.2578909473423
5	2026-01-04 01:48:35	5.3353471	0.86165901	5.2653084	0.5291653288724689	4.256372161568419	1.1036342945645976	0.973305660647044	0.23489178394607935	2.216752920270609	1960.2624635501984	3.947205360789372	408.97386456088805	695.4249415717974	2.9187521259449802	31.04362961096922
3	2026-01-04 01:48:35	5.3277025	0.81296991	5.2653104	0.22681931336437078	0.8077786077213651	3.385814654197717	0.8672598477653002	2.0055359197470555	1.3120655520541202	283.4788829232416	3.197468530940709	763.7757330546715	378.39624926454337	3.624848241126417	487.6021042789092
6	2026-01-04 01:48:37	5.3530143	0.97642274	5.2632082	0.6905627675267888	4.8943787250678055	0.38138367261381045	0.11397919854398997	3.146180854033044	3.9404286174919614	1556.7435385818794	2.6550199005413715	813.2276950315966	207.72416687590373	2.249919152348365	712.1030602949816
10	2026-01-04 01:48:38	5.2872067	0.78697807	5.2283095	0.2617045016751486	3.1447523661792123	1.3202827030639335	0.9235998020279498	5.937349536090199	0.07565574417282073	221.40676363047316	2.2243525182132395	27.11627627540389	1992.111502044642	1.6291650555496624	597.2333236177238
14	2026-01-04 01:48:40	1.2900137	0.71469789	1.0739378	0.7066075248489605	4.000952981933188	3.1634828016964063	0.610669128869678	5.796028622986176	2.0409742877617933	1335.3244091938848	4.784649120391409	93.38526453060149	68.36381671191975	1.1344025499205599	702.771330982797
7	2026-01-04 01:48:42	5.3282938	0.81683578	5.2653105	0.39853411819470896	1.2406953760288522	2.934202430869679	0.9997946045817878	0.1874191350171932	3.474429535973748	715.5476450340111	1.5992007995137192	62.987315832537774	577.3577884885037	4.420106963494023	357.29273016076803
12	2026-01-04 01:48:44	5.3353908	0.86191667	5.2653105	0.4344233774612104	2.534478561370641	0.9320345809804058	0.7648647478070772	5.145233904380108	1.210375631434865	1500.8548207959834	3.1515649378792214	654.3247004898666	874.7753330657156	4.73465415136436	164.48524749811446
4	2026-01-04 01:48:47	5.3518233	0.95839348	5.2653105	0.7840966155031457	3.5743579391223017	1.5173760276091988	0.3086345478960697	1.480747580375423	0.31651483048605833	1159.3978345609626	3.120532393825663	618.4818241420559	370.76810239768065	4.052608416150225	130.01096644326935
8	2026-01-04 01:48:50	5.3295521	0.82500415	5.2653105	0.24125041779226503	4.614267027772094	0.14720935989653672	0.7216177485132124	0.07766720849366449	3.310526463894662	337.1499419637877	2.515073642814866	660.4957893573521	354.72372720212	4.340571397845361	583.0134067059921
2	2026-01-04 01:48:52	5.339563	0.88737724	5.2653105	0.6359654761627052	2.082205207029612	1.7178791942946443	0.624607213036597	4.541289985449645	3.87275758153903	253.49815438947314	3.2297077774478633	20.74196243290004	1622.8029170601517	4.727107495589606	222.40189121986376
17	2026-01-04 02:15:45	5.3334425	0.98829577	5.2410763	0.8616393043159243	0.23246020403586254	0.20416528742422835	0.035496154151459625	3.034958638641912	0.36670186312713704	928.8402024410802	4.258167618401994	432.8174329487653	1650.6103981306915	1.6894505359863183	665.1205576743188
22	2026-01-04 02:15:47	5.3386992	0.88291528	5.2651847	0.19151647735177962	0.9008418044598172	0.9531674074168219	0.5355272746640141	0.7011633479170287	2.4652735865657105	421.37183373780215	3.609688273765947	308.48212713447725	541.4522755150435	2.455644929114511	223.93261975924673
20	2026-01-04 02:15:50	4.0245475	0.78648365	3.9469515	0.2815016739721943	1.0723980325140465	2.61085484985204	0.36185854254658223	0.14809811753480684	3.7601459830086474	313.9748153876111	2.437579891129435	375.60079438024985	89.76658652396179	1.3609075794001242	531.4558894548159
21	2026-01-04 02:15:50	5.3313186	0.84804528	5.2634377	0.02063791652932112	4.853373182786189	1.6919910187347473	0.8607040642277775	2.775001992232544	2.3761468435515587	1828.7382136803878	1.8837037864209467	461.96946478810446	482.7033182298135	2.12886165926317	447.69784480070416
19	2026-01-04 02:15:50	5.3437535	0.91305435	5.2651717	0.20899966426906097	5.071844452883048	0.07015057601680175	0.317406321914815	5.0826503099769855	1.3190639938911888	13.009819465707551	3.1439657076783494	579.8613139280968	748.4601677604398	2.386140187220818	332.90684951805895
18	2026-01-04 02:15:51	5.3278786	0.81420473	5.2652978	0.44438637431463734	5.098038450603329	0.2341180063268009	0.9089410361386413	1.503514823086323	2.591443725959172	1643.7966627531737	4.696488897123831	810.57326000539	1073.9657065182303	2.607766347976837	484.1552065540449
25	2026-01-04 02:15:56	5.355409	0.97822749	5.2653088	0.6143273006623636	4.046245992763927	2.762267264458251	0.19686460163648128	0.21696547615974016	1.387056681788557	319.4418056868237	3.8548412706692847	163.5831475210793	1331.9756165904382	2.7997721351155285	49.793617033874796
24	2026-01-04 02:15:57	5.3503177	0.94995904	5.2653089	0.7095333961280019	1.9335727105688247	1.6413854760377151	0.3158179550851186	3.1869900001687106	3.951633062213567	1321.1471000651413	2.561068118701376	519.0589195292281	1226.7821742585052	2.824691557626884	165.65392507752176
23	2026-01-04 02:15:58	5.3451497	0.92039746	5.2653104	0.9963080537452369	3.5935175559722783	3.768047252613837	0.7397060189999343	0.23914508290621717	3.0552867492689435	960.6894339771993	2.7600655367448024	152.51400599032695	525.0146345533049	3.6562365240126753	23.472831543395102
27	2026-01-04 02:16:02	5.3401297	0.89079047	5.2653089	0.03516343520904042	2.2810966453039363	2.2592463257467963	0.8466845750001515	3.4649037683047363	2.5171388638011347	1687.8107270131727	2.5907559863541043	158.32300268489792	420.4229634018534	3.0831596561833354	123.05485533249185
28	2026-01-04 02:16:03	5.338953	0.88369931	5.2653105	0.22360107317472516	4.707080058648115	2.5604988642650888	0.4118986199939085	3.7024840718557974	3.5901673236326728	1882.539934436874	4.231644254311389	418.99294425664806	1741.7789830966713	4.584272761656775	471.20081407614424
29	2026-01-04 02:16:07	5.3408685	0.89653399	5.2650834	0.8533410904576925	2.9340355764578865	1.7317105296756976	0.8242769848855658	3.769547366250033	3.4570957180691773	460.8872231018854	4.076718245218741	299.9955553994524	316.2455040973937	2.4825996534598693	45.28119259387836
30	2026-01-04 02:16:08	5.3334501	0.84982132	5.2653104	0.8275585435990948	5.209849862272781	1.066175809786401	0.8276232916618693	5.587885467708982	3.803127133714891	683.2083479895609	3.3719735735480882	259.2561199040758	199.5006358873202	3.873061153267853	560.6016179640122
31	2026-01-04 02:16:24	5.3386962	0.88214664	5.2653105	0.8868097487507258	1.7638582802930352	1.4412520726812543	0.5670928639011513	3.3056088395530865	2.616310735998121	1178.3256252672522	4.485257367657156	569.5929833449352	1303.562333637195	4.130655690210599	741.106038362308
26	2026-01-04 02:16:30	5.3241837	0.87345011	5.2520488	0.8738204492914222	2.8426230343055514	1.8266745989115716	0.6168043754548036	3.8441396695481522	2.9505007963265646	1399.0812286565201	3.7182953572747848	656.1757458948499	1851.6334754294967	1.7470109685307091	557.4934300353241
32	2026-01-04 02:16:40	5.3553965	0.97815026	5.2653104	0.5416311308115872	1.2086523815568557	1.500268574893002	0.02373886130842534	4.061701676130347	0.9156130032160461	797.9526572031308	4.664957985664339	501.71418986981246	1712.4250475395993	3.1400790676835832	807.8672565074676
35	2026-01-04 02:42:57	5.34144	0.96752499	5.2530826	0.9547850167526577	4.690235599602437	3.1278401995832366	0.16673299369442968	2.984275625526637	2.3072403265958554	476.9441364574592	4.719400189294327	758.8967434637132	808.1119095240376	1.8317168768745016	673.6328394956583
33	2026-01-04 02:42:58	1.3883378	0.84420537	1.1021792	0.8909867649941186	2.6189181711887364	3.1089321751554926	0.9607138387172869	0.36934212486360884	0.4826137401170525	468.6864458051216	2.6307351207640948	703.1963120873215	918.0825136833085	1.112234215048994	392.84340349387435
36	2026-01-04 02:42:59	5.3365588	0.86911771	5.2653105	0.5955393075293176	2.675739001035435	0.17209518500504073	0.48683098231095817	5.307684882472575	2.0924350833438496	1162.4707458149826	2.9601406370947094	204.53898809471104	1812.1084893544346	4.366888220684054	834.2741591931967
40	2026-01-04 02:43:02	5.3390538	0.88430831	5.2653105	0.4516440146444502	2.456956889112936	3.01923610493315	0.7426794859681651	3.6767593319174816	2.757405048105791	1821.8618019776673	3.3097852873675357	56.870598270831636	1829.020722992639	4.742886652946709	32.307245410657515
41	2026-01-04 02:43:03	5.3363356	0.86774629	5.2653104	0.9194553311479363	4.3533223835419825	3.444052391267102	0.7611193121537454	1.554238607428972	1.91405700092226	620.4497342942489	3.3934485565519568	750.8894316939159	1363.6114327419857	3.262449155898177	528.724473501979
42	2026-01-04 02:43:07	5.3313054	0.83626002	5.2653098	0.5338434197912891	1.464666394097142	3.064218916449809	0.8319089304375771	4.4252631594597895	0.8407943439559074	1354.440932934512	2.382300496892095	9.051676515052748	1515.7240299369396	2.872860214851175	390.37742300560893
38	2026-01-04 02:43:11	5.2218147	0.82033875	5.1569752	0.8765683613063102	5.91074304181243	0.4276385060483783	0.902300158834796	2.1967110570856	1.720480223628408	1152.9783721362166	1.7852263758795388	824.9494370792345	413.64402319163537	1.6179249002345646	725.1737753366893
39	2026-01-04 02:43:13	5.3263746	0.80423261	5.2653087	0.08231875015035217	5.9969775064462	1.0995833658507101	0.9395461896460566	0.843843104870373	2.7718116120945577	899.5410727580861	3.814495769184735	794.8050068698765	1974.924206653477	2.7177788882531324	771.2781108996534
45	2026-01-04 02:43:13	5.3414441	0.8986296	5.26531	0.9628114732545581	3.338758414566204	2.2052196949262886	0.6564241753060782	2.42342578098437	0.8037194004663617	730.5926772716095	4.842435409398415	189.64889468129718	1674.3905488403	2.9009960667783927	306.77438014184884
43	2026-01-04 02:43:14	5.344544	0.91690781	5.2653044	0.6517198026858055	4.628396228497735	2.640198403460462	0.4558278653619137	3.8083135294363477	1.5114303875222892	1212.7012698985177	3.5328213641249167	265.0094099527496	47.82240139250223	3.6621604416460847	204.59579274822798
37	2026-01-04 02:43:14	5.3225345	0.77838267	5.2653105	0.10442067719083575	0.65953388454066	2.987508445689163	0.9923486662524456	0.4894998792072669	0.506825001857153	566.0951190594901	1.502336234160699	439.13644887563345	219.9473821736159	4.30823645007833	648.0892999230854
34	2026-01-04 02:43:22	5.3446247	0.91734354	5.2653105	0.973250529664972	4.450691551617612	2.1960481368784217	0.47502086118310793	1.5795278765550973	3.2735675152402255	1282.5715259386457	3.441626405798851	598.9340508549731	938.7071628086652	4.164412100131608	465.5249568228979
44	2026-01-04 02:43:22	5.339852	0.88911505	5.2653105	0.40515084853874417	1.0546925968444196	3.252029040497023	0.4668010475130993	4.055099903874337	1.1552397413234572	23.76175865462585	1.588476782588248	646.9376768037168	743.7473110166067	4.022721364502047	51.21366132863511
46	2026-01-04 02:43:30	5.3287692	0.81996189	5.2653056	0.35877258924328165	0.8559920148775237	2.693213145022799	0.7710676305637317	1.937659618232149	3.082879418210327	511.4595451709425	2.747034873547748	540.0405757489978	507.0162844269636	2.8858348868901236	575.1675521584401
47	2026-01-04 02:43:43	5.3318777	0.83989633	5.2653105	0.5642670068532504	5.293501463206502	3.883833524386784	0.9056542938388196	2.1728745680289823	0.2833434334302054	1612.8044950665494	3.0513987917892136	383.1865103649092	585.9974669803837	4.337993744803521	272.86174162692765
48	2026-01-04 02:43:56	3.7028703	0.73441788	3.6293083	0.4909507586497162	1.4891354459173225	1.9031839013533047	0.8525266797327915	4.525288664961576	3.570305267932878	54.238787711772034	2.819578513513162	380.7803341387208	1190.1049298946878	1.227985997897281	365.6060587294691
49	2026-01-04 03:10:04	5.3297814	0.82648503	5.2653102	0.3220404285401375	2.9577054536516396	1.2967561814545612	0.5986984230419333	0.6830028402687973	0.6048004246730272	1926.611549022296	1.4903254537111945	69.64382826979164	568.0345510442328	3.2454313842962423	862.5885115291251
50	2026-01-04 03:10:09	5.2199325	0.94015515	5.1345694	0.9483148678807782	1.9172570991497753	3.200527382368339	0.5403102196511578	0.8096224533191525	0.5934955884679971	1327.5281053620124	4.849702929189732	471.9709758478343	1059.21065904769	1.529078550401892	11.11952328589041
51	2026-01-04 03:10:10	5.3425944	0.90543972	5.2653105	0.27697727924573556	5.583569586381188	0.6077900933596427	0.6038286801205466	3.4298973291423542	3.507114815144811	583.9980028903319	1.7479676597889013	297.13748269905	1152.8316032085313	4.0019201168576135	8.856446412298624
54	2026-01-04 03:10:19	5.3421928	1.0036259	5.2470714	0.4255764011690968	5.528245783550204	1.0205216814991864	0.02166350491396407	1.0075547127516327	1.5883477545065856	1284.2363553905254	1.6694263063882757	572.0491270959124	927.3874484447534	1.7705621049768376	301.881851056841
56	2026-01-04 03:10:19	5.3250164	0.79545075	5.265269	0.26804769641641646	3.1012337947290374	1.6617168786183425	0.7875536551769264	3.4159179510255444	0.03808874234771076	1423.6094697751241	3.8458269134957854	36.80270213152073	644.7982408791582	2.561897610973391	774.4331522651103
59	2026-01-04 03:10:21	3.8514707	0.84377322	3.7579081	0.74610806665812	0.8178446907789567	0.5410742238785309	0.36359033875583796	2.0972425304086877	3.6936725040692737	1360.8941784844033	3.2891159098466067	183.5442531351843	241.02770545831868	1.2915759175976176	27.293551920728532
58	2026-01-04 03:10:23	5.3460339	0.92551815	5.2653105	0.9143501268256382	2.9804545388893717	3.0518248779087305	0.3558837455148012	1.201115311879662	0.9010100136999315	385.0035204507154	1.684606330859353	817.5415137019525	1319.5841475177454	3.537276131090125	811.2212391344531
53	2026-01-04 03:10:25	5.3454692	0.92225103	5.2653105	0.3414509810093142	0.522704720206653	0.8499323972636095	0.2195504934227835	1.0380884410414595	1.687578167834971	64.18879216663117	4.834089071911091	479.00136977114516	972.0051078250408	4.134661783529614	647.3211686653262
55	2026-01-04 03:10:26	5.338022	0.87814952	5.2652951	0.12514293180463454	4.57913110319247	2.4950514137507427	0.539850223795183	0.28767299968074855	1.7986808383840767	528.6821555183808	2.428733974811961	560.492768497812	1493.0072016041604	2.5262518976118478	399.91528535464084
60	2026-01-04 03:10:30	5.3305734	0.83157584	5.2653105	0.41201512695797604	4.5995942122200395	3.6255800655848005	0.9972648809448432	5.565550583628397	3.5641101059956903	1672.9664597503916	4.267721579420527	466.5301760866663	1390.720546565803	4.185144128567416	149.19691057575915
61	2026-01-04 03:10:32	5.3196272	0.78709473	5.2610755	0.2935712636794702	0.5998114554593399	2.154485064123795	0.9424315762938164	3.9687951817245324	2.978607075011187	1967.3102289747899	1.3816473212485214	658.0176305526606	1956.414247201425	1.8671900988812073	627.9001628521962
62	2026-01-04 03:10:36	5.3535743	0.96815313	5.265305	0.46972789699246204	3.7618657226179466	3.4830184648948834	0.14562533175607728	3.5500742953837174	3.6074299731333914	1666.1516772215002	4.463252335374042	238.46595041967873	1165.4630430711893	2.6902429988076584	411.6208312303036
52	2026-01-04 03:10:36	5.3022291	0.62461101	5.2653104	0.9602285047564492	2.0770016554145316	3.577953622984453	0.2088257220787123	2.7435509741547204	0.617048627169724	93.99703358476381	1.221403778042682	779.1841900303896	333.5890665547885	3.7675617234125265	220.19071265739996
64	2026-01-04 03:11:08	5.3046154	0.84085622	5.2375477	0.11480903117777613	4.189520656618449	0.9181262939843482	0.6630642000173089	1.8764162841442744	3.5913703310652565	1146.930469480166	4.513036217340273	671.2054944815123	1229.1318281007088	1.6971909047419105	462.03433807405736
57	2026-01-04 03:11:19	4.7191999	0.93485431	4.6256778	0.7796021572617693	4.814180826367097	0.6187316375145941	0.07634795525739879	3.52392289832235	2.1846820711390427	1032.0773942325432	4.43591115068681	187.99050733806328	1797.4071012211998	1.3219290026984314	61.807494667690605
63	2026-01-04 03:11:45	5.3302218	0.82931912	5.2653104	0.048350795541411806	4.777581040635544	0.6022977181761564	0.6909662556956001	2.5699304042567745	2.9086533473348326	1800.58243220245	1.5386801184965944	739.7513438851831	1067.6422816727902	3.5691594294600235	791.1438843976459
66	2026-01-04 03:37:21	4.9488234	0.80530516	4.8828615	0.7593552805976669	2.0235804371223747	2.9212104158016485	0.9572493448419059	4.00629159535908	3.639170222636278	1054.2584949922364	4.572356632760327	348.4972436906096	1753.4059130633962	1.3797162216069796	198.2833762268414
67	2026-01-04 03:37:27	5.3198481	0.79501927	5.2601073	0.3308102222860756	5.622068588567943	2.477077765088561	0.8880354118712459	1.2944936148738049	1.7457245526768246	1113.71752453186	1.7756592508233608	270.3012435198234	1125.8007191973109	1.8989631227366266	635.5992448778654
65	2026-01-04 03:37:27	5.335634	0.86342276	5.2653102	0.11578954579971928	5.1430897103912665	2.2219955324201854	0.8933363687674328	5.293534180057387	3.7221502613424633	181.50881097577576	4.10382653397239	67.47327160373072	1499.9664921205936	2.9935702879095496	82.57429553235022
69	2026-01-04 03:37:28	5.3365362	0.86897912	5.2653105	0.8702972323262999	5.038863417099545	2.670548495205409	0.8001112171152388	5.9971166726645215	3.155523612658019	1430.3020478811295	4.176298260823508	75.83215604165167	1410.2294173273954	3.807369730642751	370.0970954932366
71	2026-01-04 03:37:31	5.0629089	0.9196065	4.9786916	0.5812520411052837	5.815758228305052	1.0717610473800072	0.15602715164567782	3.757065378106602	1.5573414063821556	1127.8764496209944	4.50230176703326	820.3435589938988	856.3441845101681	1.4470555652274943	427.5997190016587
73	2026-01-04 03:37:34	5.3539486	0.97019123	5.2653105	0.14168571129930224	0.7271012028561303	2.331275134450066	0.14067541161711083	2.6219296572327977	0.5442299238884576	1919.9876224337463	2.160304781843643	227.9531998894478	1241.3922286641823	4.60274359987092	13.721366983130906
68	2026-01-04 03:37:35	5.3619525	1.0134299	5.2653105	0.6843631211753829	1.8033254599104596	0.3542115556167953	0.09144870966806923	5.200993629683988	1.7000141726224798	1348.9528407195583	4.641489408906512	588.221581413068	780.481470542652	4.997544049089623	146.6451602323018
70	2026-01-04 03:37:39	5.3500693	0.94855021	5.2653105	0.3042473779100088	0.14316753537594096	0.19586158852642765	0.13388377645108734	0.41215738934040935	0.06542942706638133	1196.7469389023092	2.198099616221555	606.50656983596	662.8980559372113	3.845236403819244	631.712136949328
75	2026-01-04 03:37:41	5.3575486	0.98987235	5.265309	0.6804927347754517	5.164560852490947	2.0991544491222243	0.05204135503916124	2.3793847049868684	3.4635679585774284	434.2616871137492	3.1777358819348454	131.23973976484518	551.0679496104417	3.0221481550233946	413.2962377176476
74	2026-01-04 03:37:42	5.3529876	0.96487428	5.2653105	0.820017425389912	4.293006116059219	0.3892855373524069	0.08222143500911427	5.097091366290533	1.7840129968017673	174.12735812119308	1.6869672036896948	243.32619509860712	503.70890417349705	4.219734554053172	546.5778284715176
72	2026-01-04 03:37:46	5.3388295	0.90674449	5.2612655	0.7693412994622373	0.9884295522870601	3.3629630848926793	0.6867195052867188	3.31127380606819	2.2392856968712436	1169.8199540454607	3.2630276036880117	482.62503803849535	633.7755195773359	1.9952245343135748	42.26632566896183
77	2026-01-04 03:37:48	4.9379068	0.83669396	4.8665046	0.8793602846817739	0.7380785546895803	0.7822698710529572	0.4505892377755567	5.182754465387667	3.1465840518243984	1752.0788651934377	2.6891931667190283	121.3060777604993	258.223217791876	1.475814657984648	708.6205963304169
76	2026-01-04 03:37:55	4.7674784	0.87347826	4.6867778	0.3139311725109568	5.339558344962676	2.9499938742791367	0.2536090641274507	0.5075295753108806	2.555120623247375	739.9363887150273	4.906567617498631	535.0559401024169	1276.9489383336768	1.345986778367149	235.55094731001856
78	2026-01-04 03:38:26	5.3408223	0.89492462	5.2653103	0.743758968018872	5.669781903208714	0.9781767749027144	0.579824864495502	2.685886419145414	3.490374847680373	1988.746140089966	1.5509807623278506	128.15434351752236	1255.877484465053	3.1068205927680554	312.18387442023777
79	2026-01-04 03:38:29	5.3348347	0.85857162	5.2652936	0.8017312262279461	5.027513316937508	0.13112897401382795	0.7077788716086464	4.7959217978939	1.4992356243167202	1588.2353006693065	2.9231496118505738	414.65975237381656	473.2379913631397	2.74040116614751	658.6261517748225
80	2026-01-04 03:39:04	5.3562683	0.98291215	5.2653105	0.23577734403862372	5.602462697002778	2.6239030580897715	0.0381407978620068	3.134142408262161	0.6422802547694777	1989.1319733908203	1.348318091283608	857.8908233244713	1791.5138940566849	3.7225332490056786	290.02601725466576
83	2026-01-04 04:04:31	5.3668039	1.0387928	5.2653105	0.8166888147859781	3.323693446375202	2.0961302939635993	0.0596809564884217	5.473222956778724	1.5937390184970281	1191.3011387761699	3.478144367007822	250.51178324807424	1728.8905620026203	4.779877630829597	232.12734820266618
82	2026-01-04 04:04:32	5.3465362	0.92841881	5.2653099	0.7487775455044062	0.7000118969434785	2.316143151413373	0.4040482332932084	0.6392258483120239	1.1983747970131726	910.3005487961292	4.2159914819764985	218.6254547732062	908.2594587788547	3.007450438547029	261.65424150892215
81	2026-01-04 04:04:41	5.3279532	0.89794838	5.2517401	0.29630335314026207	0.569099988951054	2.8736191577943733	0.3487879792471648	2.63796051111669	0.13806242208859487	969.7244340664801	4.412233087792732	584.8130483789463	74.85115430702535	2.149924275927069	467.85234628862247
84	2026-01-04 04:04:43	5.3362168	0.86701552	5.2653105	0.921375181244825	1.6635250554897485	1.645695896309142	0.7834980885513003	0.694496006583416	2.0639167727075183	877.2725484184608	4.864262761999991	746.8227265256382	1244.5063405211404	4.900542143876571	494.6700930371726
87	2026-01-04 04:04:46	5.1657607	0.81885205	5.1004475	0.11098907033583305	0.5669576340861724	1.230738366123589	0.43202951518436716	0.3357715722481891	3.5014893605640154	555.7472663396615	4.418282297530418	245.8767697356235	1445.5744925130807	1.4831086691872022	854.7710661401265
88	2026-01-04 04:04:48	5.344888	0.91887605	5.2653105	0.7274685914521631	3.061953771538137	3.797888823960445	0.5637469102281073	4.217079422639225	3.1956467651822504	1370.641281104359	1.8998316398662787	167.7394901700028	1721.4324509884937	4.562862929475925	84.20411409913078
86	2026-01-04 04:04:50	5.3318621	0.83979727	5.2653105	0.23403202785153476	2.041562781294443	2.57330818891327	0.8429019232504806	4.627359655080548	0.1859226324469765	761.1338326697348	1.851475709476365	694.0273159616987	254.8706892083186	4.1452074306285205	213.71103519102866
90	2026-01-04 04:04:51	5.2206183	0.81109855	5.1572255	0.5074373407744802	2.4191873269588786	0.8636887653234879	0.7194767687274618	4.288400627269192	1.833570637635427	1499.9907045087498	4.12756164689261	99.61438262998604	293.602488123238	1.6474224182419117	688.7918371792471
89	2026-01-04 04:04:56	5.3300396	0.82814705	5.2653104	0.49881233730879115	4.18862469491039	1.4016626387501547	0.6745129586978179	4.567830209218291	2.630403309484034	1552.4086387128646	3.2372937437555818	258.2722949632131	1619.1615514783712	3.399308543410893	828.4741663224663
85	2026-01-04 04:05:01	5.3290278	0.82161031	5.2653104	0.38607938993381685	1.5254851879598854	0.9599791949521457	0.9103048837324873	4.737132147741795	0.5730367054053593	1769.9611299051774	4.625712672408133	675.7339689957961	817.6158758860292	3.585198756406977	342.6356308402339
93	2026-01-04 04:05:07	5.3517508	0.95801112	5.2653064	0.7745498965954989	3.645662144899011	0.6281198789197224	0.20509600598991484	0.33006410994992486	2.4567070207773294	1738.1335604779401	3.6446517639364653	292.4575255820493	1589.5900571075658	2.6643398228010793	731.4534275091839
92	2026-01-04 04:05:13	5.3153144	0.72737408	5.2653105	0.7523465645136488	5.193849604606284	0.022624583291555922	0.2884145357682908	1.7861883218113521	2.604365061953346	331.79189681750324	1.258913808745474	328.28239509993523	903.7995008076851	4.04053806541923	722.8620299902941
91	2026-01-04 04:05:15	5.3360702	0.86611278	5.2653105	0.9441876552430462	3.8752120852393244	3.271404656183792	0.9459541168165269	5.847026834583305	2.624541560066738	1470.4481876330942	2.8408995336722183	545.2624614770104	1646.7445206744994	4.615408742034189	250.71407810456625
95	2026-01-04 04:05:43	4.9734784	0.89272549	4.8927016	0.5028369665975867	2.189045904477496	0.12609340653165213	0.41476790625707305	0.9335873706225137	2.5442836241672793	32.975366184406084	3.879331654386104	564.8972202983219	555.712839372766	1.4385302522535066	36.72937040358249
94	2026-01-04 04:05:56	3.4084282	0.90170421	3.2869914	0.8855179154789015	5.3582425991595555	0.3303488485253736	0.029224929672528432	5.809337339921585	0.6558826275143192	535.8802626922322	2.7153891352860664	531.7958869630136	1633.4827235267921	1.1984506363781364	353.37643992208234
96	2026-01-04 04:06:13	5.2451503	0.89892743	5.1675459	0.7994316950018249	3.1231616773386865	0.511736875637465	0.3345423676402802	5.722421070680407	0.9605671030485055	749.0341004810768	1.8795315048887327	332.4941286761947	1441.970101857583	1.5423443491900624	845.5795952486123
98	2026-01-04 04:31:38	5.3531829	0.96595724	5.2653104	0.6820132939739066	1.636411841553315	0.2829578111360658	0.22230692481572073	3.0857388774494128	0.33253085600076515	300.28304792817676	3.406907182708914	489.4827275886332	467.5730452840818	3.613592227612868	253.92557450270743
97	2026-01-04 04:31:40	5.3249732	0.9476181	5.239977	0.20651478613652896	3.353436729589509	2.7845386701754498	0.10192191593433003	1.2730233875261576	3.678958009426375	597.5261542513495	1.8376292270179178	455.60225015735125	493.43429163761067	1.7909151149354003	125.24754326035475
100	2026-01-04 04:31:49	3.1239027	0.72721198	3.0380801	0.24594869780115908	3.4447785685669357	2.5401923984138426	0.6221211458781193	4.970089360863769	3.4206987892972194	1477.5147990547657	4.534359854751183	839.4187916158096	1004.8642240513166	1.1955200640668933	679.8642971673348
99	2026-01-04 04:31:52	5.3338369	0.85596049	5.2647077	0.04269080675311365	2.1241516103956313	1.5778258648489585	0.7450096110868012	5.874863484220999	3.3946975551810255	1647.0569288882552	3.4939502262863233	88.84572748173179	1037.660525241819	2.1605093710390215	489.9436912489604
102	2026-01-04 04:32:00	5.3616526	1.013421	5.2650068	0.9566730457831716	1.575591593240714	2.3963203368972916	0.057385448323616584	2.9472998493111966	0.7467787860898423	1380.6878208600197	4.495368320617333	789.1463751359443	786.0324972448423	2.28287923055583	323.39114402676694
103	2026-01-04 04:32:04	5.3240098	0.89653021	5.2479819	0.6557769582621318	2.5814561407955536	0.4457317839721704	0.4012316377505419	2.0456138616843855	2.224414619316216	1184.1392881671966	3.769373371899377	843.9962359382802	114.0346981248415	2.0344956801526264	532.8695370292876
101	2026-01-04 04:32:05	5.3394639	0.88947147	5.2648566	0.1528774420648632	0.45492063641642355	0.6879360628751912	0.36671985442306254	4.701442481232401	3.9150150352419866	1201.4523712324028	4.871565258666934	846.509037696075	232.88844741149376	2.4477264174019577	644.5648159814831
105	2026-01-04 04:32:09	4.1700046	0.82336158	4.0879108	0.6575594086328582	2.3910910498243725	0.05481955100313263	0.9660022790262218	5.570198734338005	0.9462601281666925	684.9391252291088	3.4299173633927165	35.280174849874754	1656.7510245372418	1.2566097998130217	73.17973552050836
106	2026-01-04 04:32:13	5.3425241	0.90502474	5.2653105	0.31773511240197694	5.17764313823567	0.878141108990868	0.5680176578186416	3.5970900666633883	3.426252827769335	708.9319209787334	2.0612210722805853	32.16293465256683	1844.7799262012013	3.466891564751787	19.626720955507892
104	2026-01-04 04:32:21	5.3612981	1.0131372	5.2647004	0.5203127553681052	2.809354902856661	0.6544129654111954	0.04498351557827929	5.662338289463932	2.645429359470913	1747.4236738800205	4.1982206042789585	159.42578808904432	1236.8479346703689	2.1359558996776977	94.71739616155952
109	2026-01-04 04:32:21	5.32908	0.82194891	5.2653105	0.3665769797046891	0.31398880772321736	0.22222881383147697	0.6427743439924688	5.740779978068527	0.10622951310634487	262.8096998198032	3.599001086076127	337.5244605646278	1148.8100355231663	4.286959690023658	841.670229015565
107	2026-01-04 04:32:39	5.3406295	0.89379073	5.2653073	0.07978525364932909	3.9256534845182065	1.0470012270045945	0.4844681488951242	1.185151827202248	2.1158443500507875	998.8198199447085	2.3554060246981186	689.5352257229857	1167.85013257659	2.754390511424861	518.8186514104599
108	2026-01-04 04:32:40	5.3033022	0.86190888	5.2327935	0.6886642637311593	1.3349475713911407	1.58897181752996	0.8019324358880892	4.489986111951119	3.018356214151396	612.2739986850829	1.7096868177890179	696.2880658431116	1578.643072868627	1.6600619414838107	168.0738506642054
110	2026-01-04 04:32:55	5.3054819	0.65164756	5.2653104	0.5126812064122435	4.944111494095481	3.236753161748026	0.7556511210712922	2.699456642452582	3.7747619710027625	409.2024228461586	1.2422947573745113	602.7293596812816	616.0272257328262	3.7004331838827236	202.23513740244445
112	2026-01-04 04:33:45	5.3415136	0.89907176	5.265305	0.9125249851367258	3.0907679805141246	0.7095156935833555	0.522196486029924	2.434597417364307	0.09229542031883642	98.3219582127756	1.5315805031061185	213.62068260444192	121.46093517711097	3.2903233480301246	189.12171173390553
111	2026-01-04 04:34:35	3.9930709	0.75514976	3.9210157	0.05185631330245932	1.8772728162236567	3.3745887969738093	0.9760527404421487	5.9012709795291505	2.5252120419941186	38.222502705102215	2.520902216029153	58.36306751315817	597.1202842213382	1.272597094764091	839.9428149510704
114	2026-01-04 04:58:56	4.5543803	0.87310487	4.4699069	0.08567136567401201	0.8354961196399922	2.7514943318643263	0.22803272855879464	1.4891592323897034	1.9659914412417743	832.0241089953915	2.1390752158579622	821.4571725373937	1099.2969007345116	1.3147739636355877	622.6014830148589
116	2026-01-04 04:59:04	5.3355983	0.8632006	5.2653105	0.6778158695334724	5.945284121836073	3.8418122805282104	0.6452231982117818	1.8983730317345295	1.9227974866242998	1529.5467438493424	4.901282584262636	105.38833765974528	650.6213374786122	4.5461031178705165	569.4395735062874
113	2026-01-04 04:59:10	5.3083121	0.67430238	5.2653105	0.6472860787028747	5.237683463103782	3.544795351836865	0.5921321044283349	3.0624965274012514	1.379454884311715	1729.439737654253	1.206983409103096	87.34401634863502	535.546274831562	4.385552860261524	382.8298854795187
118	2026-01-04 04:59:14	5.3381026	0.87854746	5.2653105	0.9075609960617632	5.774025432508427	3.118266129294182	0.9850545502489254	3.713184898779085	1.7358081531188583	1840.9010266539458	2.4591503819997986	730.7964637074722	1761.0972260618616	4.979234371994362	75.36104926640706
117	2026-01-04 04:59:15	5.2969379	0.57825517	5.2652799	0.1945890349544271	4.08040361712634	3.8472139742659754	0.39085602922880947	1.7095758982822042	3.3203299994333424	762.8853313758705	1.1306250495219843	624.847367356001	669.8340564817335	2.5918271763318685	425.11839212081316
120	2026-01-04 04:59:16	5.3445802	0.91738737	5.2652576	0.9049762622395916	3.9149588175241297	3.7541271761735895	0.6592575735393369	1.6391158600127034	2.021711424780172	948.2608156805848	4.9310325356656906	719.7847309403228	1963.4325614402505	2.345872211235128	67.46656932217235
119	2026-01-04 04:59:17	5.1085275	0.88427647	5.0314122	0.4417189994316355	4.553584944649538	3.6840895470679405	0.42283369025212414	1.2387330172620516	1.264471903813732	820.0051370351987	3.518444307670739	806.7293006220751	1911.810051781059	1.4300262497229899	287.979570422257
115	2026-01-04 04:59:22	4.5497162	0.83727811	4.472011	0.20177329585219794	0.9172959187096175	2.2435762922049363	0.30541271069158016	0.7839035138027683	1.474474897968665	296.6553211901761	4.3220032179444265	14.098716942084764	1880.417742535382	1.2965253627024849	822.7410783863388
121	2026-01-04 04:59:22	5.3403546	0.89212867	5.2653105	0.36412109961528016	4.824255197288699	0.78810088565868	0.5556502296222597	1.4004191227994973	0.30597546425293665	1947.5233987650392	3.731692174269389	285.955943501045	1706.722867448554	4.5151927485365295	117.76002084212644
123	2026-01-04 04:59:29	5.3510809	0.95423914	5.2653105	0.13302159272222625	0.37943913481107483	1.9512695897218453	0.0890789175828553	5.668352481811761	2.71079130162651	1743.2820769368177	1.330857024926802	761.7852044028516	1871.1204444079542	4.541877514052202	35.21801020156215
122	2026-01-04 04:59:46	5.3325175	0.84394853	5.2653105	0.24496291508655138	3.502493225961068	0.8291152021049673	0.5954693678515891	0.03297712437661726	3.7963203098765064	1525.3608215573183	1.5212897281292377	854.2643069621867	1929.9352935163965	3.571480465827411	565.9582077134169
125	2026-01-04 04:59:47	5.1800448	0.79518434	5.1186469	0.7563763486208586	2.4308633581054484	2.514651436926566	0.9695185626222815	3.65735541413037	3.886873134932185	58.153751741108636	4.2037704342548325	134.7400698515239	1128.8251895252392	1.510616918217762	500.22731161187426
124	2026-01-04 05:00:04	5.3491888	0.94357143	5.2653105	0.6118349689569929	2.134321973891817	2.0755610850531756	0.2575161895278042	3.5634489681903387	1.4662394360943019	961.4171171371765	3.901138796812091	19.131047772507998	1504.760687369289	4.6787170327709795	409.5636513147687
126	2026-01-04 05:00:26	5.3462488	0.92675904	5.2653104	0.5797514360967537	4.284605679360162	3.7084175677454763	0.3885290762783222	4.395982490555453	0.21654182110646558	989.2169047258676	3.499874125706184	771.3171936946491	1415.1131258995615	3.3080552546708444	186.55226572767128
127	2026-01-04 05:00:50	3.591832	0.75748718	3.5110498	0.42657370062288746	0.5108927726084858	2.9697718747072392	0.9321605257306833	4.897960089531886	0.9726005332957999	1887.2264601551578	2.2348996171476943	123.50603604265285	446.41644476844647	1.2478825157059499	643.1958796049462
128	2026-01-04 05:01:46	2.0872102	0.74551989	1.9495247	0.4593727686814827	3.6727079180676427	3.421180167520303	0.5296311211315766	4.142754259652067	2.1545579268211816	1693.3205907221486	3.803529466189639	72.28715669044755	767.0225258581722	1.151015736706854	765.4725974491444
129	2026-01-04 05:26:02	5.3483221	0.93865713	5.2653083	0.0753947588519609	4.474814021055672	3.828073227286718	0.323389329519388	4.929147402883388	3.824070640013633	1062.8393233362801	2.1260338511302055	477.1533202255705	776.9628186766296	2.887797470054456	234.93401556598752
131	2026-01-04 05:26:20	5.3463832	0.92753669	5.26531	0.8911412754909634	5.898220911339688	2.3802472513591235	0.4964008660673137	1.5220735283383877	0.3213337408451984	1811.3841703226744	2.989691850999737	693.5804871447499	717.152418921384	3.098370637966015	179.1607989077577
132	2026-01-04 05:26:24	5.2989638	0.88227942	5.2249976	0.6175688725503167	2.488759545794848	1.4756028630368951	0.4532617603071492	1.181670141298151	1.9017194051767503	1681.3701066801586	4.28730669209734	705.9688623775426	1584.4231017335378	1.6357107249152019	515.3555772201928
135	2026-01-04 05:26:25	5.3419295	0.90150815	5.2653105	0.9272210234521361	0.7093748077400579	3.878284796738707	0.7141850930657171	4.510213983007212	1.0725901922846552	1386.0947480793739	2.1119637942898586	170.64689572667788	1436.3932845319634	4.708327317777772	152.3322338308912
133	2026-01-04 05:26:26	5.3193333	0.75618265	5.2653105	0.6316509789448084	3.403040578716023	1.5485668890079023	0.6195291209879435	0.7954518961101433	1.2357022604856138	369.97650908316905	1.2977439794690253	685.430180939165	1120.877503817118	4.821478781114424	651.0143851028153
136	2026-01-04 05:26:32	4.9405748	0.85752502	4.8655863	0.3572900403931005	5.277722410677343	2.726475666272936	0.4696360342946741	1.9726077597683842	0.8860531612929372	4.382952613442171	2.4816648964587658	480.94295985144356	705.8231059914253	1.416723901937499	603.1931030961937
134	2026-01-04 05:26:34	5.3288976	0.82239861	5.2650556	0.2750263776141665	4.391984386339919	2.30290475015114	0.6329653465631477	3.0456562917526666	3.2987161771654097	1604.6296677194655	1.7556874683608357	745.7307933924908	1009.7461156288206	2.265599764973828	818.6087210613109
138	2026-01-04 05:26:38	5.3336905	0.85132823	5.2653105	0.3714290001297724	0.944858371607308	3.4124241893118064	0.6678083599100011	5.486004206190345	3.1025144258944324	443.6281878213157	3.78798180802663	742.0204049920806	632.4873576421495	3.8879129216469037	393.95049681884757
130	2026-01-04 05:26:39	5.3350246	0.85964757	5.2653104	0.34572424685192316	2.906520470913062	3.5254337233638564	0.4895225856986132	3.9811358859727073	2.2728815082278437	1452.0375272005333	3.583726127529741	262.0800148044816	1051.6305480747847	3.3266798756868807	637.4492597171966
137	2026-01-04 05:26:41	5.3471362	0.93186472	5.2653105	0.766536558421401	2.3458363828055973	2.7085647559194794	0.3465403304412198	0.7538619004017959	3.375486398266766	1072.21478446221	2.7999579454993153	682.8419795715778	993.6164341726238	3.9208100106238697	434.3271503016727
139	2026-01-04 05:26:53	5.3504533	0.95071393	5.2653104	0.6387065008579594	3.5564133513717406	1.929750442514047	0.2647582400614075	0.9389439496518208	1.6493742256731958	674.6140691151336	3.005574003207823	576.0068795947204	323.0824311958454	3.688565622536867	280.10701990659845
140	2026-01-04 05:26:57	5.3069746	0.66369089	5.2653104	0.2049613314949884	2.737589489030388	2.795239544870353	0.12078475281753631	1.1228216609162494	1.982728252883	281.6716428511528	1.1119536938290095	54.92738031461539	1695.555456933212	3.3655615378438197	315.459496808947
141	2026-01-04 05:27:24	5.3501515	0.94903372	5.2653068	0.32237568436191716	3.201905604664812	3.24478897079261	0.16335833169170427	5.406130024348524	1.9615398332111575	806.6412881911765	3.2696754174405185	253.52326502257893	29.376807929336906	4.027058013485496	401.67023952487006
142	2026-01-04 05:27:41	5.3604076	1.0052242	5.2653105	0.6652153420034134	5.695682047704359	0.5739583432617232	0.10856742141174558	5.38731031174256	3.2607380485609374	1853.4885855360276	4.020480774532619	615.4735756240394	1526.5244203372104	4.274020469789156	210.09309824489222
143	2026-01-04 05:28:37	1.4086071	0.80753273	1.1541511	0.7245236152921612	5.496337418308732	2.905776940423527	0.39595042199028574	0.11901790996090833	2.692918291714812	1449.9589691201993	3.1812506410933747	732.2476628467455	216.24114404459135	1.1073573836601525	403.75250096274715
144	2026-01-04 05:29:11	5.1982751	0.79076667	5.137777	0.5507866708011163	5.429138103335816	2.80867319863129	0.8293059835729464	3.621719920281505	2.053972552231735	854.9235221757572	4.886788930632635	118.02410030941195	1843.8001836409526	1.4984384937113875	795.701560293915
145	2026-01-04 05:53:14	5.3555859	0.98643908	5.2639565	0.11985125188136381	4.965835478214826	1.5326681636811141	0.12019318364353071	0.45209485487959356	0.4936570564402789	1713.760892844814	2.9030248167754245	773.0027130329336	1251.31101146604	2.0428711147275633	98.70430434803961
148	2026-01-04 05:53:35	5.3595757	1.0007844	5.2653094	0.29077280770580866	1.782704749534737	3.719812619212168	0.07248954335153723	1.8038812924469363	2.246198715876131	478.90077881430136	1.457926196168513	65.333279107463	1902.3043230991675	2.776036058002136	79.83573541781544
147	2026-01-04 05:53:40	5.3328574	0.84611012	5.2653077	0.7620098880363537	0.6806813228663322	0.8941543371900376	0.7529864332360071	3.1694800568914037	1.6578864100058237	1897.171720362965	2.1735327394204456	587.6421286295345	1945.720279460666	2.671768545628785	696.3496825239699
149	2026-01-04 05:53:42	5.3547293	0.97449033	5.2653104	0.6090812672975455	3.1883533293685735	1.799514684503303	0.18843859554898362	3.6724690844904426	2.9905349125505527	1227.423519042258	4.344766810738529	609.0414925793981	1271.1279114952747	3.359494536228158	171.5622623882009
151	2026-01-04 05:53:42	5.3425466	0.90515765	5.2653105	0.5385443524764008	3.1415123938533123	1.0875869161002152	0.5580063996534141	2.2476865903083976	0.1695900198585416	1126.286007549878	2.6420374189621074	712.6144145335516	374.2528363721308	4.8115048141201955	101.2627809246921
150	2026-01-04 05:53:47	5.3505506	0.95126094	5.2653105	0.6230484839899063	1.044424309731986	0.726090631481505	0.30732858306873634	0.7218206761892358	1.0568405710112727	1873.8101195623337	2.189352449709878	396.1082236853184	1292.2139164199739	4.902758240966396	88.3307652079555
152	2026-01-04 05:53:48	5.3454767	0.92229418	5.2653105	0.48405014027737964	5.3715818529761	2.631827815432726	0.3194627975611324	1.9474953200838703	2.347502083496123	1787.2636386726783	4.155981041359642	641.2546474747267	1517.3752651204966	3.9471593343507347	367.90844052246507
146	2026-01-04 05:53:49	5.3523753	0.96147164	5.2653105	0.606765778231452	5.40176967399616	0.3205815797531464	0.21756998589467214	2.231510944713264	1.114891368961261	166.12827098414914	2.299760434320358	509.26974065592395	1113.85173712104	3.7554176755577644	239.0563875215965
153	2026-01-04 05:53:51	5.3329443	0.84667377	5.2653052	0.620142657346415	5.470767102681966	2.141447625685565	0.8410383771894904	0.393740883184436	2.8705577357775685	391.10637617078305	1.6155498839900386	326.24930609484545	203.59465227953638	3.1217062576600263	443.8620790226464
154	2026-01-04 05:54:00	5.3318963	0.84145253	5.2650808	0.4896016793364094	2.206257262475484	2.4261595356895667	0.7477778113257499	5.380547470786543	3.411104126004094	1599.5060179642282	1.9737623132403033	237.41680817956015	108.0007288524854	2.7343927534516124	421.2463711323
156	2026-01-04 05:54:08	5.3404387	0.89263172	5.2653105	0.1268633825957282	3.967980590069021	1.9387291330380303	0.06309575911450094	4.126456630275318	3.1731380576308466	204.48937161722745	2.313330418258717	46.805679974510724	623.6572291577384	4.428282472640296	667.7260912605735
155	2026-01-04 05:54:19	5.3231127	0.78233863	5.2653087	0.1384284934640156	3.791481232424146	0.4688182062344559	0.8183152374145389	2.0280911018949195	2.680763409414613	1274.8937887074107	1.4157456053188542	553.9102216398579	1349.164417995498	2.78913044635291	847.6952432849827
157	2026-01-04 05:54:36	5.3328638	0.89013826	5.25805	0.09306823811664	0.05697316585114942	1.9110154815567701	0.6985105572946501	4.9829954655625	2.3215534089701517	1548.0230854531083	4.368812206138854	648.3300531018309	285.0616914460171	2.023820584854418	145.92547036428977
158	2026-01-04 05:55:03	5.3300023	0.82790714	5.2653105	0.4376571931213077	4.140212082337618	1.9988775319458354	0.7016813360647884	3.796034403928544	2.4374431319258685	774.2881311344906	3.705012280104769	372.5881724214129	1865.58790993296	3.7134622109586903	682.2164276911494
159	2026-01-04 05:56:01	4.9808276	0.82000606	4.9128641	0.18219873827874716	5.054146421293117	1.8669016795016078	0.627071168715974	5.894562575984693	0.4968774374979781	1791.564070056968	2.257877411913964	610.6077284815397	1538.4865641154536	1.394432040861315	689.834659676896
160	2026-01-04 05:56:33	5.3444627	0.91640027	5.2653102	0.6337544102651957	4.874597317164353	2.062901341212129	0.19764375279029772	0.9799596709665952	3.733737010503772	696.3714206423474	1.326950370237343	447.8175513355684	1927.6692598876175	2.9567207268513953	407.7601268489312
161	2026-01-04 06:20:28	5.3082442	0.67376741	5.2653105	0.4228804967735586	5.54963817565746	3.9540046077602744	0.3502376330790845	3.6327983692312102	1.0234361333559245	123.05778081281755	1.275114111873789	465.13143138611264	1092.7094760727875	4.637983690733768	363.59457740286047
162	2026-01-04 06:20:45	5.3418748	0.90118391	5.2653105	0.046209115442143345	3.4126448567369954	2.374173849331928	0.6057104139531984	1.0187874030595392	1.4216239293697148	1134.7550648206138	4.9718216678258464	442.71406121580264	1507.303715018348	3.8139847260001174	307.7558514227947
165	2026-01-04 06:20:50	5.3505594	0.95131058	5.2653105	0.7633436400661595	1.297995488968857	0.18320243250959956	0.23803313403805426	5.434126861238429	0.7620156989431417	1773.4357871517477	3.9832229940861756	116.82301775797833	796.8438216865081	4.756676601217389	610.6247905872112
164	2026-01-04 06:20:52	5.3278167	0.81384694	5.2652905	0.34878427188451905	1.4711856060251718	1.7559625376473706	0.8059325214432023	4.580836953721658	1.2499813727562699	156.43311397080458	3.6551616339483077	521.7634503346715	1429.6143568489656	2.503690798559156	578.777745812751
163	2026-01-04 06:20:57	4.9360902	0.54743994	4.9056392	0.6755373430983395	3.2160513469030203	3.9777840351096456	0.9536678648460908	2.476900517191178	1.773553606265398	1304.612660641567	1.1863399301160273	149.34148506625996	1892.5936694930551	1.3831936086205439	857.779847765982
169	2026-01-04 06:21:00	5.3463248	0.92719701	5.2653105	0.6010029804967805	3.577445906707377	1.1791671475798098	0.3399446744033819	2.84773276893538	3.182073581775801	787.1265452757749	4.089635898391695	791.1684840182947	882.0008363839088	3.950745097008708	348.92615915419765
167	2026-01-04 06:21:01	5.3365756	0.8693519	5.2652888	0.17773758325333344	5.926633237222496	0.52214195754241	0.5047845569336925	4.590764747129	2.259533433798925	701.9418061785203	3.6150305065646515	842.2576447062777	1278.1361373661143	2.5139520150606867	548.2275272273054
166	2026-01-04 06:21:02	5.3481398	0.93760634	5.2653104	0.315196661015458	0.26914055283050864	1.1670706275431089	0.29145203199139674	3.0232818647971147	2.70061987270393	519.4060648386297	2.883772678210348	792.9857778598164	1943.0840989379576	3.1887028240940802	127.52429708005246
171	2026-01-04 06:21:11	5.3218447	0.8835755	5.2479829	0.5585150661014006	4.795767593508998	3.5981798844267625	0.37871008385446436	2.7241197139716955	1.8737136188075973	8.454203146340433	4.71011695990873	170.15658365075728	1457.9598875085883	1.7369754886801272	727.6373934196554
168	2026-01-04 06:21:18	5.3325932	0.84486486	5.2652401	0.9477637991495491	1.1624020806195914	3.675380727647	0.8751386767416058	4.480972533533857	3.5488187715021597	1590.8629633452824	4.249420313123679	623.15159017017	1065.809114476003	2.408299298860887	686.0286766029567
170	2026-01-04 06:21:18	5.3328887	0.846418	5.26529	0.21457642162263868	4.644655926914377	0.7357631170029137	0.5191881422164086	5.219993182775809	2.8845924769795976	128.02170610481937	4.4500560227463115	862.136925337906	273.3785390682433	2.846575910722357	799.2553895540677
172	2026-01-04 06:21:34	5.3258867	0.81225675	5.2635832	0.16497904223841853	2.7020572101630833	1.0364693173755706	0.8569509768468531	0.5457275644107633	3.104990495389826	825.337800137098	3.759434942502163	635.0178072969265	1596.8455271278656	1.9870442007642795	511.9813013304223
173	2026-01-04 06:21:50	4.5825136	0.85973649	4.5011425	0.0850025719353722	3.0315170561758045	1.3120792454652823	0.1252902790805553	1.4624585990283248	3.063016308038634	1708.8248729158036	1.3867179512409498	415.71990222660554	520.6203802837913	1.3499830220971338	183.17072353837557
174	2026-01-04 06:22:18	5.3269935	0.81727144	5.263927	0.48802001213324897	4.672444689855583	1.1340124316772986	0.8717618300623495	5.047567388616666	1.8254763131027745	360.74402485620703	4.317073079722475	729.3116202418654	839.7856719527603	2.0901163165245613	527.9577342697592
175	2026-01-04 06:23:10	5.3314975	0.83747924	5.2653104	0.35332984073691565	3.873282792712531	2.398976903266097	0.6884988926573744	4.3254630113361605	0.8541420576970626	1420.69389954387	2.9309329932845394	300.06255903473436	727.3544817108923	3.537731053882496	480.4849589218446
176	2026-01-04 06:23:44	5.339775	0.8902918	5.2650335	0.033117362541712325	2.727204335796263	3.666613249207356	0.5896787660648242	0.9876735730737889	2.1053564458832623	527.0288651694575	2.8935609710645185	440.04198573708544	1082.545550042662	2.245603143591147	469.68775148959384
178	2026-01-04 06:47:55	5.3315745	0.83796945	5.2653105	0.8682776777183316	3.8368386783111075	1.7057326633241756	0.9269753857331813	5.715867655965445	1.236596009840535	1808.758279934395	2.7453189354683927	785.9623502440201	714.9852499420095	4.250599944658326	608.3252276694313
177	2026-01-04 06:47:59	5.2772515	0.80592463	5.2153494	0.06568166386995633	3.2425798824004777	1.15079974807148	0.5156920012322498	5.752316852086661	3.6531120613294368	1938.6044204245225	1.399112656294043	30.964528731869166	384.71778003340205	1.7266919254784294	720.665058476859
179	2026-01-04 06:48:10	5.2942981	0.55326176	5.2653105	0.186085116584433	4.1025832580249615	0.4064565623762988	0.9555044498175275	2.553207783090257	0.6927841407326698	146.91251726861208	1.1342357301260726	193.02413717567163	1978.7064558546977	4.494942150948098	96.37464276112144
182	2026-01-04 06:48:10	5.3293823	0.82398611	5.265298	0.30648764098744663	1.8474631050162211	2.7836806327074157	0.6488885158647923	3.898793292341267	0.5254956820660353	345.8638172698486	3.0930013174864652	595.9558442393457	975.8016530638428	2.6275897582376206	766.9417465691981
184	2026-01-04 06:48:12	5.3402825	0.89249186	5.2651757	0.7734165666767078	2.6362414305615594	1.6800567879164425	0.5135396586279826	5.43697913446675	0.9958314152030121	1653.02515879045	3.385751985099555	460.78337924291225	465.928098641211	2.47504687449568	561.6796921055459
183	2026-01-04 06:48:12	5.3522468	0.96075605	5.2653104	0.5905423141613819	3.8932994742967244	0.28934643897382184	0.14984614907365584	5.684915101172319	2.1519179232747923	574.1793219674589	1.8295513431710504	515.9036186830228	1044.2885803840738	3.3336076140110373	844.1890769420804
180	2026-01-04 06:48:14	5.3441132	0.91435877	5.2653105	0.21257695419682776	1.187045910883996	1.3372181585335072	0.35354569724708107	2.0930716936888425	0.24719261428090222	429.3276154036578	4.75807645392789	752.9830358123315	1380.8522772633728	4.695033377262504	283.36919295097687
181	2026-01-04 06:48:18	5.3423702	0.90411597	5.2653105	0.8080928014823914	5.468137805681605	3.54674972372926	0.7224563698665513	1.2544380610060977	2.0038116408834004	1480.9026985241167	3.698697873433235	498.6896386766409	865.3694111489003	3.932178258096032	66.1031045235116
186	2026-01-04 06:48:28	5.3534795	0.9830767	5.2624427	0.8495489578034342	1.1449280807184523	1.463290714259616	0.17142545882227667	3.367705200896188	2.776814138301193	1509.43341426187	4.469759703176946	313.88962769909756	1627.829975475061	1.9284961278634682	229.17724923146287
185	2026-01-04 06:48:29	5.3348918	0.87658357	5.2623827	0.2632652100774088	5.449807666282361	1.5098163128748496	0.33207143873914824	4.2456177760405645	2.9628973617829715	351.5244001313579	1.489807019378116	594.4257762655858	1703.8164173649077	1.9214369455733762	749.6240998748322
187	2026-01-04 06:48:30	5.3364119	0.86837381	5.2652843	0.8652310103129606	4.215173494138405	0.4800013549162392	0.6833697572031954	4.194312629175254	3.519372935743241	1765.512128196698	1.5814270714958965	387.9196323397894	563.2528653168504	2.646928463638924	593.0227334456107
188	2026-01-04 06:48:48	5.3529123	0.96446126	5.2653095	0.7850038041449392	3.5228266157364865	1.8100378172700975	0.2722045375888195	4.313720373576459	3.8569806570124756	1871.6471984565346	1.6515685757834269	271.95256314562005	1678.7050422079665	2.8143873326928137	160.54358259174188
189	2026-01-04 06:49:08	5.348376	0.93895264	5.2653104	0.7300272320144332	4.756030269228164	2.3198901568271437	0.3363417993499953	4.754157141102182	2.5041246784381332	235.46379570923193	2.713120346020209	174.7701608439994	1143.1487939883473	3.278994120034813	295.04257161465523
190	2026-01-04 06:49:50	5.3415182	0.9326422	5.2594672	0.7911842032331902	5.221949631051093	0.2671372693991525	0.3749280011837508	4.161826193520705	3.7025953637944227	1078.7383296084047	2.4115713798269898	249.4414050350315	1285.5393997114072	1.8721248789498235	173.4382824520668
191	2026-01-04 06:50:18	5.3461439	0.92615381	5.2653105	0.32739291262216297	4.9145461476972745	1.4197683221194213	0.4618038056714532	4.867063600748938	3.3514468379265177	890.8377907432541	4.7380235336300816	735.7829298823725	730.8569263871851	4.301254057909842	24.002690632097483
192	2026-01-04 06:51:04	5.2494773	0.7759673	5.1918096	0.5476055756932774	3.489828458608721	3.3257619145318245	0.9711587222473037	4.034692409494287	3.128551182099685	1392.3322808158873	1.9593544275160466	322.50559363976333	14.21158772480976	2.202044071175722	735.7250483055418
194	2026-01-04 07:15:07	5.3324257	0.8433684	5.2653104	0.6614990787137525	1.3743482268851985	3.5888297374502374	0.696009500047056	2.5350785160316676	0.1599817796861409	1435.5861521645613	3.407725017779878	368.54386440683726	63.01319251358848	4.787038708861244	760.0015745473311
193	2026-01-04 07:15:12	5.3563287	0.9832408	5.2653105	0.7219306119320102	2.40275895199693	3.98680457975125	0.13527489911596263	3.1019082440424866	3.2114372472678188	462.7391972733591	2.5058314190004456	470.1951693987333	944.9567328962966	3.8529997570382717	778.0118168862181
198	2026-01-04 07:15:20	5.3613377	1.0101719	5.2653105	0.7935480455280974	4.022983500060816	3.957261284032278	0.04985154661121072	1.8489286223928514	2.8032544404371493	212.5254256525285	1.57204902103381	276.4481353435041	1724.4915123252117	4.4410901048076	374.23483259612533
196	2026-01-04 07:15:20	5.3482994	0.938516	5.2653105	0.846911695038343	2.3206368586748964	0.04485346501128262	0.30149630833674407	5.15540658343885	1.3997324315189363	1699.10375311412	1.4346426984211702	815.0862667076237	1179.0167525731163	4.096373747492096	317.22827180404823
195	2026-01-04 07:15:21	5.3258011	0.80041457	5.2653105	0.25766566704657967	2.163821912059576	1.8866081913454773	0.7593562351206464	3.932009464584491	3.529046236923535	553.6949059196768	4.338509071746632	21.617472552955974	271.7496200765622	4.472389729314504	755.8443758899621
199	2026-01-04 07:15:27	1.9922005	0.84766621	1.8028657	0.09517669250989852	5.754248006816141	1.8164474471500478	0.4392512386503349	4.119985074241388	0.8266775837842975	668.6275672993675	3.736867452901661	334.5493190367336	1951.7229269206455	1.1303139080947886	444.7480188254918
200	2026-01-04 07:15:29	5.35539	0.97811428	5.2653104	0.41477512419059454	1.5084355873223319	0.8244520156016082	0.11162972065412052	3.2451371780220772	1.185349667180811	1538.5661592419206	3.569018424009905	176.4685343296218	893.3148436879388	3.636456991039214	385.4659328851493
201	2026-01-04 07:15:37	1.813122	0.82708677	1.6134866	0.9035036499491533	4.493702332183168	2.039022300639146	0.5077520149870033	2.273260564964408	1.0140176584353282	227.94404860672205	1.7347909886659867	492.7239595701509	133.0011076360987	1.1748632287150829	738.8323994168884
202	2026-01-04 07:15:42	5.3191014	0.9004241	5.242335	0.38199930310385943	5.877067933033947	3.727473124240654	0.27896645686112487	5.53000028396212	2.3906205895809074	606.3660137209904	1.3630070851657212	738.7766015915611	1352.2415091945577	1.7111825521026522	360.04569152133155
203	2026-01-04 07:15:44	5.3336235	0.85090932	5.2653103	0.47349735132114634	1.1761510053837199	3.9043547621033903	0.5715070978190298	2.061345942783699	3.9936322182441195	413.20467672557197	2.696761924540777	112.12030766791366	816.1104512608025	3.196935599783452	692.3997146239542
204	2026-01-04 07:16:13	5.2674135	0.90778443	5.1886003	0.7518335895213059	3.94308868508566	0.3682290318053134	0.26018040642801266	5.919884887873836	3.387819139763895	74.45369640578167	3.345454340612657	507.8980418689991	1837.6842076726175	1.5545721109129256	457.0526349067736
205	2026-01-04 07:16:21	5.3325095	0.84390373	5.2653095	0.9782984270595281	0.12952651414088523	2.543816044588499	0.8989802015201248	5.324725127064102	1.61973041543142	1778.2069106494087	1.9457307206658634	827.6991259948143	1776.74581887576	2.8080214024472787	713.4087530140616
206	2026-01-04 07:17:11	5.3512723	0.95743027	5.2649257	0.9159628846110539	0.41596820042859095	0.7532168447207601	0.2560799729546107	1.3986493861876805	0.6114418374190369	1905.653252945962	2.9491395619763665	394.393278594051	1033.299978938524	2.2138723954787074	542.6919115076821
207	2026-01-04 07:17:28	5.2990887	0.91778799	5.2190043	0.6460636623672483	0.21439740599238766	3.8091011187039356	0.16805335418717166	4.181292337913899	2.7180257101139906	1655.6718054596881	1.312183287605263	48.91736694266905	850.6136909000008	1.666597714613654	201.27174964078688
208	2026-01-04 07:18:34	5.3412667	0.89757824	5.2653095	0.5696268661759607	2.2521775994328053	1.6174763077785739	0.4930920969817985	1.5910925090199144	1.2961532671306784	188.83512505288002	2.0077470027899302	805.3932056745275	433.96879447016624	3.1310266763635672	329.88913774947434
209	2026-01-04 07:42:23	5.2957878	0.56846231	5.2651893	0.21690865918843338	1.0835536448527887	3.399717545978496	0.5249539327749982	3.4552797368602604	1.5730264464318329	1056.740950449679	1.1695967806484295	331.0095378722754	43.29419309023274	3.150148708803876	376.92381361016675
211	2026-01-04 07:42:39	5.3561713	0.98725878	5.2643985	0.3846998182605622	2.765420082635373	0.09929547293364815	0.08274487941099323	1.6755806039009202	1.344519809701948	1143.565777088792	2.597648365577015	60.93117013547686	496.47563122208857	2.2174431610218925	135.2168029649859
214	2026-01-04 07:42:40	5.3604986	1.0057097	5.2653103	0.8369201533196423	1.4029896890520648	2.5049237200148298	0.04237736654664753	1.362255723693882	1.0405457244108365	244.4331492819823	4.035763674510065	797.5453698052742	404.8949748194641	3.448077656740206	474.77519255038516
215	2026-01-04 07:42:50	5.3304504	0.83078708	5.2653105	0.23127994990649386	3.441273451838963	2.522921991687946	0.6932360480954092	4.079365104907108	1.8773402333519498	1097.5254237497827	3.4233490773174777	451.89250935315056	1103.0079120449018	4.119481969834964	536.5276688728143
210	2026-01-04 07:42:53	5.3436602	0.91170733	5.2653105	0.515605812253343	1.3165745654341128	1.2457964550375424	0.44488954494154254	0.605203818045077	1.48402568242895	1634.5909255774181	3.7535094724465403	678.7434690665646	1313.7794911650556	3.900752348116569	195.47583579222768
213	2026-01-04 07:42:57	5.3516059	0.95768505	5.2652185	0.8940680171449373	3.5387293482299005	0.11240083068328954	0.28184754589860195	0.9024617511894015	2.361797537465652	343.0095043880035	4.1437394728632535	43.73750813778469	1821.3902169295789	2.295674501450752	334.3173244602896
212	2026-01-04 07:42:57	5.3280075	0.8149661	5.2653105	0.14489153264309024	5.665919789622237	3.9971707303346173	0.8732385983118738	4.813481464848374	3.855749610023368	205.87852512366044	4.54581323448916	365.61845830043313	1466.524311394251	4.46888046727342	485.68165828784964
218	2026-01-04 07:43:05	5.3297931	0.82759229	5.2651482	0.671907519853191	3.0052991199946173	3.866228745279158	0.8085350733274603	4.303723754213078	3.443107225606787	489.5076165772818	1.9887117005156383	228.572178524933	766.4590068763955	2.3630004540385032	804.9338691287912
217	2026-01-04 07:43:10	5.330757	0.83275238	5.2653104	0.14538936420085385	0.4236962460946194	2.448988866737104	0.5730318304326196	4.375130881021411	0.8368126317584734	1340.1571594775723	3.1018771792871256	293.23269467729824	1137.5944994150714	3.4809958929883607	832.1376760923115
216	2026-01-04 07:43:12	5.3585475	0.99526799	5.2653085	0.7337367279569931	2.2707663353164804	2.57731286357839	0.12704624037922424	1.6489313104586447	1.9394591075480963	486.6650383472337	2.543810656460829	664.6889526824991	1883.907172353132	2.7116514840002934	539.7855918149862
219	2026-01-04 07:43:23	5.3333793	0.84937689	5.2653105	0.5437443783497322	0.7970647139362383	0.21451443079553867	0.8348754711931063	4.662695115222498	3.658120306742292	1260.8102069200306	3.6342349131342186	855.3304250571205	297.6029029265534	4.060858933959112	270.23501110399695
220	2026-01-04 07:43:41	5.3295128	0.83717543	5.2633491	0.5925468128935042	1.430497402566618	1.271480664968665	0.8104894550731889	4.10625232743958	0.02987844832521258	1904.2317979146933	1.6554935805343653	547.7276336544194	308.78421434174334	2.1915978000008502	525.5862136760857
221	2026-01-04 07:44:38	5.3381942	0.8967089	5.2623407	0.7410333316400182	0.3532376740124632	3.6952109845906294	0.6720077175105961	5.055707689339211	0.11882521737963536	1756.8017126521768	4.180873247275651	776.2644821432968	1342.538306489196	1.9449458553516419	143.14569621790514
222	2026-01-04 07:44:40	5.3312329	0.83579325	5.2653104	0.15918635833751266	2.218223165424698	3.294782715511058	0.8551734015153747	1.1567710722756583	2.366176569749532	273.7986393822789	2.2686446283271575	405.20401462951924	1985.2908773516729	3.221386457066323	246.59973368667744
223	2026-01-04 07:45:46	5.333191	0.84820076	5.2653093	0.026363070508079012	4.136286404302223	3.3585094709863537	0.8373029497051723	1.890983814114801	2.016462761781624	860.9457272552464	4.0112214372170225	290.1175076974213	833.5675517678445	2.9411862400790705	586.1837110338189
224	2026-01-04 08:09:35	5.3322962	0.84254949	5.2653104	0.2665401935445234	2.6927960317615196	2.8692011826006523	0.5845365600963592	4.272237362790984	0.9487844153644001	1009.6219645425682	3.32726146746773	526.7758197597072	760.8529630497471	3.344629652482741	625.0644557603687
226	2026-01-04 08:09:49	5.2721534	0.96196287	5.1836502	0.8346124545610624	4.316154628941546	2.053286607096953	0.17774174400600806	2.1305813313651045	3.9001248786045046	1414.0676716885057	2.0516533463735436	665.970660833625	161.21777046576187	1.752615372346692	6.294199116362165
228	2026-01-04 08:09:59	5.3352972	0.86133833	5.2653103	0.03732173087042795	1.7025859605415683	2.845392887093834	0.6020263852808799	4.952747945101227	2.573250285867329	40.006687036396784	2.8617249503596884	378.3800481235774	487.60450670537784	3.310032520610253	700.7124995908456
230	2026-01-04 08:10:11	5.2961394	0.93409632	5.2131139	0.18438143108110966	3.7785346100802397	0.48858027738114873	0.09780308017699046	1.7280538474016105	1.6680905859054627	1402.0743669327085	2.5742395864920886	240.01110310955033	5.5370199597475676	2.6509931862840173	497.97570768723347
227	2026-01-04 08:10:17	5.3482139	0.93802881	5.2653105	0.4449079495980766	5.414812514270231	2.008625490909763	0.18274671489125943	1.8200286456168495	2.8288857352950547	1575.5381529876818	2.3971440239901436	0.1719147084739916	1173.2713487416856	4.836417339997379	781.8730488878664
229	2026-01-04 08:10:25	5.3348172	0.85836619	5.2653093	0.16406935396613814	4.326865086311956	2.2095499728777837	0.4785523143506586	2.920848117162372	3.787721417607405	267.32406601110347	4.988357938945287	801.2805219370766	1197.3039661256716	2.8615351095350587	787.747713135868
233	2026-01-04 08:10:26	5.3274222	0.81462369	5.2647712	0.29961184826757803	1.5509284401305832	0.31199014325622887	0.8888751804207908	4.653741605945371	1.1047356237352073	111.12798738925767	3.4724105416634328	347.7828817084682	423.2429170470622	2.3116698188076916	375.6432023237225
234	2026-01-04 08:10:36	5.3431105	0.90848015	5.2653104	0.06681140514879319	0.2910656991433904	2.4567947923035063	0.41266242519970325	1.9204848093622875	2.9977676684412646	905.2290784375721	4.534106351704574	448.9846788366344	1786.4883643046567	3.4140050784407334	503.93677661281464
231	2026-01-04 08:10:41	5.3619731	1.013539	5.2653104	0.7010880510055392	2.36307741936202	2.0855864286181394	0.09463438905126037	0.9641084082504507	2.808584851560555	1293.9969857736155	3.825030305113734	41.67178503905933	1021.5510969786931	3.3794228801595576	276.331303960255
225	2026-01-04 08:10:45	5.3520918	0.95989213	5.2653104	0.28673939058290326	5.507963424088901	0.7677076727330852	0.10646297121838671	4.988325728335257	3.3294590179978654	592.9604679598128	4.064016241890781	424.13751807994635	394.31106751011043	3.5180108394049263	599.6953456839057
235	2026-01-04 08:10:50	5.3303768	0.8303454	5.2653056	0.13509019905500985	1.8817681626843388	0.2978888928558854	0.7309320848472716	3.22475236460448	0.682424743229106	192.2391848694332	1.4453792938760979	574.6524040579754	1770.103606551343	2.6248374246425414	265.5827310672772
232	2026-01-04 08:11:37	5.2461821	0.8165363	5.1822481	0.09670016992678959	1.357979649829548	2.4357644697029466	0.9240865963552833	2.51184556291419	0.3800804306174037	1228.4822863812706	3.2135682788684	10.781723557854775	1211.1349077398731	1.5720152405812617	455.60282423815073
236	2026-01-04 08:11:45	5.3519679	0.95921044	5.2653087	0.06168930685424512	4.225768485177616	0.49623098230240004	0.23382646430864368	3.285647894733501	1.8619057854145409	1980.4077361569498	2.538614824877018	860.5833254118954	1568.3019217022193	2.7628920081118165	552.2435512409838
237	2026-01-04 08:11:54	5.3477851	0.93570732	5.2652879	0.9809798193575487	4.242630805462398	1.4058291659290836	0.4346122733627964	3.539288078691669	2.290345949642199	171.76215625226484	1.908777974420188	24.890405828450355	127.68438220923633	3.0508345061131688	260.53769608051635
238	2026-01-04 08:12:59	5.3304849	0.88220881	5.2569741	0.4779363002090512	4.562666301025665	1.2119192829233953	0.5591523832932646	5.505165556268192	0.7765829081153901	1074.7552461847904	3.888429535773329	225.15860258315118	189.48204808596188	2.064820814654266	242.2024771046582
239	2026-01-04 08:36:49	5.3261125	0.80248401	5.2653105	0.5285571773648898	1.7366354238865511	0.40698086428386104	0.914925537813602	0.8205114432598561	2.7470007691038054	839.8413680600557	3.0350821967337716	620.4093031520588	1671.656646589298	4.195539594564962	733.3305322935155
240	2026-01-04 08:36:55	5.356999	0.98688603	5.2653105	0.798215810671788	1.816875820124951	3.509914352109534	0.22424944516420509	5.346078372981429	0.5726227249791245	1823.652886986247	1.921661489659904	673.469140489763	1373.618724729112	4.4813253317489465	18.184731532788135
242	2026-01-04 08:37:18	5.3288095	0.82019279	5.2653104	0.6950420727402116	2.524361981831241	3.9305566928590476	0.9310236785740205	1.681485020374009	0.727062452634454	1863.5067912549757	1.6997497528741192	310.85718888885845	97.65928441004428	4.505824120329982	784.4127641931525
241	2026-01-04 08:37:18	5.3491615	0.94341642	5.2653105	0.5751498933420791	2.060236421387506	1.3292764780352488	0.2933674922354692	5.607994933914365	0.8692928074103521	260.8933634404841	2.0359877955752084	557.4538601773614	1476.9108220515377	4.410902181710767	208.46930272528581
245	2026-01-04 08:37:37	5.3576219	0.99026221	5.2653104	0.9858049431617575	0.10998519311520383	1.7525324304429537	0.19296571388617784	3.82425705563868	3.229091520473278	1847.921445588745	3.8401363832949023	524.3369118230949	1218.299907809869	3.159578639973305	282.39572002226623
244	2026-01-04 08:37:37	5.3375833	0.87540928	5.2653067	0.4746562775270794	1.7805780310947823	0.5350273757966828	0.494424637260848	1.7502394501813572	1.6416853202091426	324.13651828767695	3.2080428482878056	83.68420850937434	329.9590499565046	3.0288031485438895	509.7944711385662
247	2026-01-04 08:37:46	5.3550024	0.97599017	5.2653105	0.9898007180358689	0.622487351875439	3.5005417423744345	0.21324193474862074	2.6711887027837444	0.3578878160792227	953.4559605015361	2.867942856407261	199.2248075859752	1565.5941138298583	4.454739335803632	521.0272790874656
246	2026-01-04 08:37:48	5.3264699	0.80485218	5.2653105	0.333733175537481	3.3720348567599587	1.3699974814511766	0.9799247732237026	2.192467870625522	2.4228465390837424	1221.7475231850392	4.8098203607976995	851.2933271993686	1085.4317727088442	4.794405477739404	415.9547406931282
249	2026-01-04 08:37:57	4.9111951	0.84180965	4.8385116	0.05277776613215873	2.778009485098641	1.6070881693128651	0.7776301482274472	4.883880246157845	2.4825350267964774	1236.2151103335282	4.439278688927547	490.8040539417879	688.0885650028473	1.4099317717595958	258.32446331627705
248	2026-01-04 08:37:58	5.3332953	0.84884875	5.2653105	0.9656287807858219	4.726429595230519	0.889696797347657	0.7916489609495146	2.9427818521170153	1.9485085875304795	974.1460337086511	2.3327729504517887	436.5806502100446	982.6946506726788	3.9922342825631	851.1518249132438
250	2026-01-04 08:38:48	5.3447054	0.91791772	5.2652923	0.1720935061954182	4.742835485033933	2.6045702759778404	0.3583830070348303	2.5897636014360956	1.2772399595524937	198.79796990265163	4.696676091324421	848.3718645610184	81.19967566979187	3.242197590288092	298.0753957897253
251	2026-01-04 08:38:51	5.3246984	0.79304463	5.2653104	0.2513181689299493	5.8356365848276885	2.165185830877222	0.9871882635574059	1.4170871338427626	2.188116945381619	939.0892650363166	4.7748001504847135	499.7468869887045	356.1234936489551	3.504579035392904	493.15126653072764
252	2026-01-04 08:39:04	5.3531253	0.96563959	5.2653101	0.6281980443786569	1.1247215461923032	1.2880566284458768	0.23729195697822592	5.77952632791647	0.4710664728807574	919.3289328043402	2.727247412210021	141.6475518038223	962.0869181022775	3.0629403621895834	110.60153018455082
243	2026-01-04 08:39:13	5.3418578	0.90108274	5.2653105	0.8241118184198295	0.48982810825628453	2.12558449278211	0.4725444449421635	4.442571812513861	2.5759934933092032	571.716889572771	4.403917250435269	15.506148822432863	985.5169309812768	3.909850846685874	602.3970495591706
253	2026-01-04 08:40:06	5.3270699	0.80881399	5.2653104	0.5655482666789611	3.0587542266090906	2.026967133976541	0.8613192063302579	3.4965620280069065	1.813000295773371	423.2473210347338	4.6849304452682885	279.7063687499908	847.7585792905336	3.5541499840530113	786.8891704603566
254	2026-01-04 09:03:59	5.3226026	0.85474054	5.2535242	0.5701690398910434	5.9700440667234576	1.1972790654307544	0.7721633367540444	4.40862654770205	0.6308470728154161	579.3016205693674	2.2720828689535524	343.53126696399363	7.199173030998281	2.94830855248569	274.22769161856183
255	2026-01-04 09:04:04	5.3450666	0.91991472	5.2653105	0.6969158339870148	3.8076492576899357	0.08462810272925103	0.29961343734682716	2.7599842454476913	2.067325834754799	1264.0081413031678	1.636208348149092	114.04696071973473	1826.9298696436401	3.6059336000060176	748.245002870007
257	2026-01-04 09:04:22	5.3411277	0.89674473	5.2653105	0.25629750878120733	4.434318622858875	1.3467544159508489	0.07736288839411065	3.3780698617791125	2.9014798213524253	112.41954118231297	3.332071727147893	830.8869617023972	1615.5448340884072	4.643141736151044	817.72482318634
258	2026-01-04 09:04:43	5.3346665	0.85742191	5.2653105	0.4035695751453446	1.106944513063702	0.039738214326720867	0.5471521202902584	2.3205633191612587	0.6998687517289248	1090.6836910488244	2.0240585140995613	600.650771950034	1484.9279091308213	4.228304645933225	577.0147343231864
256	2026-01-04 09:04:45	5.3389285	0.88543312	5.2649943	0.88168837017919	4.978762861064286	2.6761205673333555	0.6393320593467118	2.6047909225913264	1.9933660806356581	1011.5368263867074	3.0177620731931465	256.1047194366314	165.56354940065296	2.5757688515551083	452.717392341229
261	2026-01-04 09:04:57	5.3400241	0.89014779	5.2653105	0.07294416163552608	2.009629098355794	1.6672988429244628	0.7496160785826655	5.205680115489154	1.5531608150555605	1893.182045494291	2.443739043970547	551.4790149843276	603.7699338359052	3.9714779473889097	163.0943622260852
262	2026-01-04 09:05:07	5.3439385	0.9133502	5.2653081	0.8404895686987517	4.863860980613186	0.1633368196653351	0.5447818275460513	1.8329956281458166	1.894816880905954	1249.2980189843618	3.922475873147237	726.8738188813959	35.187534223223	4.008874891933739	227.99321933172808
263	2026-01-04 09:05:08	5.2944517	0.56463213	5.2642577	0.9999542024509682	5.115166964198141	3.637201618850556	0.6691965753607507	0.1766276346498361	0.34230098706567436	638.4870341286069	1.1007185745908645	709.640954337927	145.29038688779178	2.4230507996068402	752.7804146187705
259	2026-01-04 09:05:09	5.3347021	0.86372009	5.264317	0.7182148185191523	1.2648017537185618	0.5535657645199761	0.7666500293250099	1.7730732575614034	2.6560457992692177	1931.5003240949238	3.780054121902911	302.7056711275329	142.98625787771005	2.435994501260425	321.5822023818001
260	2026-01-04 09:05:47	5.3550959	0.97650284	5.2653105	0.8424000749898377	5.127853795866017	3.4729270464762028	0.16094389270562753	4.830158541951022	3.1613771157987243	1797.5166504210947	4.357705674296764	494.4716443568312	1450.716616282275	3.5091513727475583	852.9603375106637
265	2026-01-04 09:06:01	5.2961228	0.57045832	5.2653105	0.30923974784369146	5.749625665968714	0.08771341304294622	0.5340930881215843	5.10500956996533	1.7328677160110861	1568.3643846608345	1.1542583495370897	399.873018168778	1419.8669841362469	4.589279855106019	137.66749365890098
264	2026-01-04 09:06:06	5.3473173	0.93406759	5.265104	0.8326723739196542	2.3442728165281483	1.2232439861767084	0.2950265454097695	0.3654053693296717	1.6037367474366282	396.1757761483469	1.9375721934963777	386.37467312046925	1560.3375324835738	2.227528681936224	703.8411580040693
266	2026-01-04 09:06:22	5.3230958	0.7822115	5.2653105	0.2798499467296377	2.753329011135477	2.1502840928913116	0.8641097651276012	2.4092436292368022	3.9042336047489696	800.2624387158894	4.607889519854158	6.892413467356619	1483.251643108019	4.071388343233793	811.1832107814255
267	2026-01-04 09:07:07	5.3062983	0.89817544	5.2297306	0.8603747491604746	0.03729940963698253	2.2814734839063413	0.6110357381616524	0.276287022540334	3.7380441835875935	1941.509692815754	2.806406528125132	267.2281281401929	150.27247659944067	1.8821398223342418	106.58549580673275
268	2026-01-04 09:07:34	5.2531735	0.8964049	5.1761269	0.9381976209274013	0.5426954795289616	1.2646321675837764	0.7367124430310125	4.916773135364429	2.1992535127849595	1488.9483987330764	4.279051860667212	371.4960881202094	1386.46707830091	1.555432193438958	46.53686779270055
269	2026-01-04 09:31:12	5.3455256	0.9248345	5.2649145	0.3960876441999648	1.904423042319111	0.8472778133577799	0.2460787568877691	2.2984454778027845	2.410375184817518	17.890619153805233	3.081875213200491	362.7212648742826	342.69839087866205	2.390736421656499	448.98753999889703
270	2026-01-04 09:31:17	5.3517008	0.95770937	5.2653105	0.5852597820665894	0.6146076896603594	0.6783887404830726	0.21547537724086374	1.6135017299749255	2.8475477698208453	1539.0304866288313	4.565185866539315	153.9497221907938	884.7604833364809	3.7859815792948277	325.07745404517357
271	2026-01-04 09:31:48	5.2958047	0.79205164	5.2362393	0.3386771652841578	1.8362849982582368	1.8906629293117883	0.7968251144998165	2.970294985963167	1.3603549075945232	1254.080444580649	3.0127037286864122	582.425460574794	455.1026354882506	1.781196805725453	824.4092734681931
273	2026-01-04 09:31:55	5.3396151	0.88769112	5.2653105	0.39229751064105894	5.0041243601015255	1.4486424046083186	0.3729025436331051	4.225404857035284	2.877039213607527	922.7788656868723	2.3733323428644053	342.28506383710527	1265.8009933565966	4.373725344481229	629.2881092130642
272	2026-01-04 09:32:04	5.3550149	0.97605992	5.2653102	0.4647326440043067	0.44855039124210494	1.184525934158572	0.14330108812917236	5.456282103742276	1.1471527665834909	1040.857364310142	2.2812858709700223	631.6429549802264	1109.2478984782063	3.049808133229849	243.36033090844643
274	2026-01-04 09:32:11	5.3306538	0.8320911	5.2653105	0.02991054346583777	4.465365669695708	3.0356521285262503	0.9442189397502747	5.829519094098905	1.4095697987718292	1855.9208729472543	2.4070039924482147	567.5841765692135	1160.3364162228957	3.8794044862729233	617.0076755899111
276	2026-01-04 09:32:18	5.3411078	0.89662609	5.2653105	0.19007722489400303	1.5857192580563302	3.789596496172033	0.34361634326646096	3.4861903432553243	1.6243016074345797	1405.8192666455923	2.965198291105007	231.85743377556835	754.2062680937619	4.956974539418723	459.09970504301094
275	2026-01-04 09:32:23	5.3445023	0.91664456	5.2653079	0.6990938674914806	0.4008075981397643	1.3898154866353152	0.5284658478514761	3.577770456903085	1.1806433785294344	1173.505571688369	4.9138357725566175	667.7247203283288	54.85815623705673	3.7521738208690483	122.30005943978335
277	2026-01-04 09:32:37	5.3405724	0.8934915	5.2653002	0.9019612309215009	0.9810995737374606	2.5864371079809225	0.8210926245843636	4.469306146518648	3.0396334636206754	601.139221675503	1.4728752718504812	613.4560233447023	1899.6876429746103	2.5308282233744506	77.98685785207198
279	2026-01-04 09:33:11	5.3647594	1.0281777	5.2653105	0.9515591415289024	0.6402455888837251	1.3662183823638465	0.026001574051836396	0.5900090178869708	2.9406712967431523	1994.8615802911297	4.05096398341459	756.4607101254737	1467.3730518966422	4.854997637898805	504.3864496617167
278	2026-01-04 09:33:16	5.3498428	0.94727153	5.2653105	0.7046112607067385	4.039664375019707	2.948728581500437	0.23139144836163578	2.1216763236509353	3.5377599193533222	1309.6884708077946	3.668824741465549	402.1032192657527	1970.960209830222	4.885856847286029	663.281523004961
280	2026-01-04 09:33:22	5.3435624	0.91113514	5.2653102	0.04144012912476702	5.860797972592357	3.040450751001488	0.9168187809731337	3.859846865282683	1.0276552497543268	868.6876380164533	3.9642326516757245	643.6694388934505	514.5676187686083	3.2725376621052753	40.56776785023317
281	2026-01-04 09:33:35	5.2559523	0.88582531	5.1807671	0.5886806328842443	4.056730556406815	0.9109306742467715	0.40017522594949717	1.1366676267607776	1.1669202035269037	1668.5088226854837	4.617575552898541	147.04431885282537	104.28213822395355	1.794621996593419	583.8166928188332
282	2026-01-04 09:34:19	5.3434011	0.91038613	5.2652761	0.60295252667149	5.636669911525392	3.740775451082378	0.3871371859016985	3.274746276556404	3.365482658176105	101.81239501462733	4.802404591072991	182.32434840224929	27.877701848577317	3.6007877264881345	435.42772118608855
283	2026-01-04 09:34:45	5.3101401	0.68854488	5.2653105	0.10392130365626079	5.728577689782082	1.965490587883434	0.0989499066560538	1.0502488836277513	2.279400683319057	1912.776251831548	1.1540377898035725	391.56101581610204	1369.629669905407	4.394254296857203	398.12717610167624
284	2026-01-04 09:52:59	5.3322098	0.84200179	5.2653104	0.19877820312774158	0.3310297656967296	0.7463932141078153	0.6515761305916232	5.859976340473745	3.6862425723101864	1456.1892744068027	4.11257994416191	536.23632872147	175.64656418562686	4.253324988315296	507.65023360503085
285	2026-01-04 09:53:35	3.601745	0.73548051	3.5258524	0.16820671558115363	1.2669266402557076	2.860899748947066	0.503156757480124	0.5557684724201684	3.9753179939871854	380.63795560573874	1.4118828432944681	273.75453303760116	1548.7584068928522	1.2142824855134355	743.9917769082824
286	2026-01-04 09:53:38	5.3366254	0.86953072	5.2653098	0.5980491522401167	0.7799429437065957	3.0058575723418413	0.48189063460532844	4.349791398559065	2.4460987557705867	632.8477320552611	3.8719146965195748	504.33770128688815	431.78844556861816	3.177935062088624	860.0483983378426
289	2026-01-04 09:53:44	5.174921	0.84719796	5.1051017	0.7168423624164701	2.60118788961506	3.52405210899994	0.895187466302162	3.7285240888074385	0.7542517207338428	652.4225237187757	2.8233961553186613	835.1666737352289	304.5827074699431	1.5902290827996635	254.5282738594626
288	2026-01-04 09:53:49	5.3310149	0.84094093	5.2642699	0.9365505542840931	1.620636093259764	1.4244703476072575	0.8165127402136431	0.26366758906804266	2.1419190457002673	1268.193168604633	1.4513041376387894	717.5047949587782	225.70295651186098	2.3355918405638016	802.0674618444548
287	2026-01-04 09:54:08	5.3468321	0.9301182	5.2653105	0.4614415530324633	4.371367880584922	3.1567447284394765	0.3118388812866265	0.4760752578063068	1.1302707427959002	227.4231764987968	4.950370864172895	38.665134827914926	675.7143177364878	4.9316373048015105	213.0466978270582
291	2026-01-04 09:54:30	5.327767	0.81343234	5.2653042	0.6644750280364463	3.988829631844629	3.8922979377628786	0.8804915312150761	2.8157225591230417	1.7065572534958804	1727.6121850600919	3.932878279560221	724.5202675708061	137.426264143391	3.225418856181815	835.7703664083532
292	2026-01-04 09:54:43	5.3394921	0.88695066	5.2653105	0.09957613709495622	2.5056194133851384	0.24436272309420914	0.08743620343646918	0.8596814095820009	0.2668888149733961	1562.1847583815152	1.5652577527971376	474.72915462540084	1202.3521160509263	4.241499564707619	707.4861411779533
290	2026-01-04 09:54:56	5.3461312	0.92608516	5.2653096	0.42953166452123137	2.545778079956978	0.8049765558730895	0.2416185667929956	4.671727543473207	2.309013896627599	247.49918384921648	2.082474946670818	137.5136815169293	346.94272113347506	3.210467689137655	540.4230994921195
293	2026-01-04 09:55:09	5.3329729	0.84682467	5.2653099	0.4115358791641175	1.9933535908935247	0.6439165383921415	0.9365368209306841	1.0898065389042584	1.8484573168000995	736.5635219856205	3.663261756279781	281.2813196240278	1045.7883008922522	2.98011032541687	90.09743257095221
295	2026-01-04 09:55:44	5.3503276	0.95000588	5.2653104	0.6683316082892156	3.2293426899941764	2.9989879815099623	0.3262109660334783	2.3450149280341255	1.1016240516389244	540.8603703895192	2.786936098510451	198.47281032631057	930.4072222148	3.3880640478391717	104.6565849116808
294	2026-01-04 09:55:44	5.3463146	0.92713848	5.2653105	0.49552834651973043	2.5700300325028502	1.600090011971178	0.24913352468566458	4.371218647799739	3.249523958814661	1107.037233843117	2.2396902493204154	513.1325643285318	805.3751602908308	4.953744188739944	605.6392682542269
296	2026-01-04 10:14:50	5.3548033	0.97492714	5.2653049	0.06938635109343544	1.614509691393712	0.45383763474003413	0.11529901878427157	3.4015567050578244	1.526650708490092	1299.6794579901666	2.470491573636923	222.0720951149718	408.3859908406114	2.9209892608260826	380.7799678540543
298	2026-01-04 10:15:24	5.31525	0.81255703	5.2527739	0.2537950208513889	3.6850870050223477	3.0881680300160124	0.6623050045213202	1.3810876020290048	3.005073469735965	1631.622926467271	2.0902197121258954	591.9791970571405	283.25654229067436	1.9489529517687254	716.2568292804789
297	2026-01-04 10:15:43	5.3496061	0.96588611	5.2616869	0.736721785356593	1.6749722089570631	3.292249734692862	0.13831194912335587	2.6545377549881226	3.986578555171095	1373.1387036270908	4.76568135629597	780.4700287070631	657.6173381607787	2.003792973081543	677.7405119176019
300	2026-01-04 10:15:48	5.3389139	0.88346336	5.2653105	0.39010016228426786	2.974983474983778	3.2059330559178547	0.40796650419204344	2.227066895906837	1.7636997136531627	916.0638038344329	3.5723445279412838	162.2679410592031	1338.006139824902	4.672092805670999	551.0705650463775
302	2026-01-04 10:15:56	5.0547975	0.93133032	4.9682594	0.9242592244272358	3.6959564504663875	2.240102661008841	0.27810705117841505	2.2873374666810835	0.43216214697468924	310.2479921201584	2.916243099748791	446.2995756538108	609.6542497424443	1.4615834024741963	655.1884157605559
299	2026-01-04 10:15:59	5.3348287	0.86199651	5.2647278	0.5536288947634102	0.7538586494111046	1.8632759311753695	0.9912224326228111	2.451186512761244	3.634226545507635	1582.4323991046253	2.6658477037677377	140.5305302724595	1024.5569390069807	2.1681582909952364	15.384693388914911
303	2026-01-04 10:16:28	5.3510495	0.95406338	5.2653105	0.9684794801352883	4.928765916801933	0.4306339811018396	0.269737141876809	5.282322457437461	3.285113551989679	1486.8613224475303	2.7718392886742214	350.69881795248637	399.79356199989036	4.654032477019417	616.2398915639975
304	2026-01-04 10:16:29	5.2977684	0.95488755	5.2110018	0.36917460015861936	1.0126971175518704	2.7379999265841577	0.18934305616796693	1.7387478130114908	0.8773117010782197	981.611638107047	4.59793071017635	428.72555400342424	578.5256834082493	1.6790716196189	64.10208048411567
301	2026-01-04 10:16:44	5.336528	0.86893274	5.2653097	0.5230453356041915	1.9715309133304209	0.5674029438148833	0.734956548778802	1.1057835359967125	1.4311851815785661	84.40890046267577	2.564448918767209	79.94435783670144	951.9875325137884	2.9693425249856134	156.72292678104623
306	2026-01-04 10:16:58	5.3336425	0.88393668	5.2598858	0.9413795792096145	4.5202980282237135	1.8452679314346134	0.5490294139773355	5.3617176462744265	1.062755382077031	751.8302862068763	3.114585536080229	126.59940054873874	84.97789350610992	2.27802160853734	777.3846129474289
307	2026-01-04 10:17:13	5.3272209	0.85285473	5.2585095	0.8570182861843025	5.319968085322444	1.7363646932174532	0.8493316983434295	0.5329354441579834	2.489074271975968	449.6015182180032	1.7238896877804994	703.471846805197	1528.932217359953	1.8380386471528287	479.2363635676239
305	2026-01-04 10:17:19	5.3314378	0.8371342	5.2653049	0.059703372429727286	2.158446939284712	1.7726506959982675	0.7052404824976733	5.131923091684844	2.732772242422528	70.08479095361974	1.8663225095020846	306.28138033060463	1910.2921515035218	2.596432299925867	430.5472663684037
