# campaign: 2024-09-08 00:00:00 2024-09-30 00:00:00
# time[s] throughfall[m/s]
0.000000 0.000000
600.000000 0.000000
1200.000000 0.000000
1800.000000 0.000000
2400.000000 0.000000
3000.000000 0.000000
3600.000000 0.000000
4200.000000 0.000000
4800.000000 0.000000
5400.000000 0.000000
6000.000000 0.000000
6600.000000 0.000000
7200.000000 0.000000
7800.000000 0.000000
8400.000000 0.000000
9000.000000 0.000000
9600.000000 0.000000
10200.000000 0.000000
10800.000000 0.000000
11400.000000 0.000000
12000.000000 0.000000
12600.000000 0.000000
13200.000000 0.000000
13800.000000 0.000000
14400.000000 0.000000
15000.000000 0.000000
15600.000000 0.000000
16200.000000 0.000000
16800.000000 0.000000
17400.000000 0.000000
18000.000000 0.000000
18600.000000 0.000000
19200.000000 0.000000
19800.000000 0.000000
20400.000000 0.000000
21000.000000 0.000000
21600.000000 0.000000
22200.000000 0.000000
22800.000000 0.000000
23400.000000 0.000000
24000.000000 0.000000
24600.000000 0.000000
25200.000000 0.000000
25800.000000 0.000000
26400.000000 0.000000
27000.000000 0.000000
27600.000000 0.000000
28200.000000 0.000000
28800.000000 0.000000
29400.000000 0.000000
30000.000000 0.000000
30600.000000 0.000000
31200.000000 0.000000
31800.000000 0.000000
32400.000000 0.000000
33000.000000 0.000000
33600.000000 0.000000
34200.000000 0.000000
34800.000000 0.000000
35400.000000 0.000000
36000.000000 0.000000
36600.000000 0.000000
37200.000000 0.000000
37800.000000 0.000000
38400.000000 0.000000
39000.000000 0.000000
39600.000000 0.000000
40200.000000 0.000000
40800.000000 0.000000
41400.000000 0.000000
42000.000000 0.000000
42600.000000 0.000000
43200.000000 0.000000
43800.000000 0.000000
44400.000000 0.000000
45000.000000 0.000000
45600.000000 0.000000
46200.000000 0.000000
46800.000000 0.000000
47400.000000 0.000000
48000.000000 0.000000
48600.000000 0.000000
49200.000000 0.000000
49800.000000 0.000000
50400.000000 0.000000
51000.000000 0.000000
51600.000000 0.000000
52200.000000 0.000000
52800.000000 0.000000
53400.000000 0.000000
54000.000000 0.000000
54600.000000 0.000000
55200.000000 0.000000
55800.000000 0.000000
56400.000000 0.000000
57000.000000 0.000000
57600.000000 0.000000
58200.000000 0.000000
58800.000000 0.000000
59400.000000 0.000000
60000.000000 0.000000
60600.000000 0.000000
61200.000000 0.000000
61800.000000 0.000000
62400.000000 0.000000
63000.000000 0.000000
63600.000000 0.000000
64200.000000 0.000000
64800.000000 0.000000
65400.000000 0.000000
66000.000000 0.000000
66600.000000 0.000000
67200.000000 0.000000
67800.000000 0.000000
68400.000000 0.000000
69000.000000 0.000000
69600.000000 0.000000
70200.000000 0.000000
70800.000000 0.000000
71400.000000 0.000000
72000.000000 0.000000
72600.000000 0.000000
73200.000000 0.000000
73800.000000 0.000000
74400.000000 0.000000
75000.000000 0.000000
75600.000000 0.000000
76200.000000 0.000000
76800.000000 0.000000
77400.000000 0.000000
78000.000000 0.000000
78600.000000 0.000000
79200.000000 0.000000
79800.000000 0.000000
80400.000000 0.000000
81000.000000 0.000000
81600.000000 0.000000
82200.000000 0.000000
82800.000000 0.000000
83400.000000 0.000000
84000.000000 0.000000
84600.000000 0.000000
85200.000000 0.000000
85800.000000 0.000000
86400.000000 0.000000
87000.000000 0.000000
87600.000000 0.000000
88200.000000 0.000000
88800.000000 0.000000
89400.000000 0.000000
90000.000000 0.000000
90600.000000 0.000000
91200.000000 0.000000
91800.000000 0.000000
92400.000000 0.000000
93000.000000 0.000000
93600.000000 0.000000
94200.000000 0.000000
94800.000000 0.000000
95400.000000 0.000000
96000.000000 0.000000
96600.000000 0.000000
97200.000000 0.000000
97800.000000 0.000000
98400.000000 0.000000
99000.000000 0.000000
99600.000000 0.000050
100200.000000 0.000106
100800.000000 0.000286
101400.000000 0.000572
102000.000000 0.000259
102600.000000 0.000158
103200.000000 0.000325
103800.000000 0.000622
104400.000000 0.000422
105000.000000 0.000158
105600.000000 0.000230
106200.000000 0.000155
106800.000000 0.000075
107400.000000 0.000153
108000.000000 0.000366
108600.000000 0.000472
109200.000000 0.000102
109800.000000 0.000231
110400.000000 0.000601
111000.000000 0.000592
111600.000000 0.000502
112200.000000 0.000159
112800.000000 0.000131
113400.000000 0.000070
114000.000000 0.000050
114600.000000 0.000090
115200.000000 0.000316
115800.000000 0.000922
116400.000000 0.000472
117000.000000 0.000351
117600.000000 0.000872
118200.000000 0.000472
118800.000000 0.000251
119400.000000 0.000622
120000.000000 0.000569
120600.000000 0.000472
121200.000000 0.000151
121800.000000 0.000263
122400.000000 0.000405
123000.000000 0.000343
123600.000000 0.000198
124200.000000 0.000247
124800.000000 0.000345
125400.000000 0.000196
126000.000000 0.000246
126600.000000 0.000343
127200.000000 0.000195
127800.000000 0.000145
128400.000000 0.000072
129000.000000 0.000050
129600.000000 0.000039
130200.000000 0.000033
130800.000000 0.000028
131400.000000 0.000000
132000.000000 0.000000
132600.000000 0.000000
133200.000000 0.000000
133800.000000 0.000000
134400.000000 0.000000
135000.000000 0.000000
135600.000000 0.000000
136200.000000 0.000000
136800.000000 0.000000
137400.000000 0.000000
138000.000000 0.000000
138600.000000 0.000000
139200.000000 0.000000
139800.000000 0.000000
140400.000000 0.000000
141000.000000 0.000000
141600.000000 0.000000
142200.000000 0.000000
142800.000000 0.000000
143400.000000 0.000000
144000.000000 0.000000
144600.000000 0.000000
145200.000000 0.000000
145800.000000 0.000000
146400.000000 0.000000
147000.000000 0.000000
147600.000000 0.000000
148200.000000 0.000000
148800.000000 0.000000
149400.000000 0.000000
150000.000000 0.000000
150600.000000 0.000000
151200.000000 0.000000
151800.000000 0.000000
152400.000000 0.000000
153000.000000 0.000000
153600.000000 0.000000
154200.000000 0.000000
154800.000000 0.000000
155400.000000 0.000000
156000.000000 0.000000
156600.000000 0.000000
157200.000000 0.000000
157800.000000 0.000000
158400.000000 0.000000
159000.000000 0.000000
159600.000000 0.000000
160200.000000 0.000000
160800.000000 0.000000
161400.000000 0.000000
162000.000000 0.000000
162600.000000 0.000000
163200.000000 0.000000
163800.000000 0.000000
164400.000000 0.000000
165000.000000 0.000000
165600.000000 0.000000
166200.000000 0.000000
166800.000000 0.000000
167400.000000 0.000000
168000.000000 0.000000
168600.000000 0.000000
169200.000000 0.000000
169800.000000 0.000000
170400.000000 0.000000
171000.000000 0.000000
171600.000000 0.000000
172200.000000 0.000000
172800.000000 0.000000
173400.000000 0.000000
174000.000000 0.000000
174600.000000 0.000000
175200.000000 0.000000
175800.000000 0.000000
176400.000000 0.000000
177000.000000 0.000000
177600.000000 0.000000
178200.000000 0.000000
178800.000000 0.000000
179400.000000 0.000000
180000.000000 0.000000
180600.000000 0.000000
181200.000000 0.000000
181800.000000 0.000000
182400.000000 0.000000
183000.000000 0.000000
183600.000000 0.000000
184200.000000 0.000000
184800.000000 0.000000
185400.000000 0.000000
186000.000000 0.000000
186600.000000 0.000000
187200.000000 0.000000
187800.000000 0.000000
188400.000000 0.000000
189000.000000 0.000050
189600.000000 0.000056
190200.000000 0.000043
190800.000000 0.000035
191400.000000 0.000030
192000.000000 0.000000
192600.000000 0.000000
193200.000000 0.000000
193800.000000 0.000000
194400.000000 0.000000
195000.000000 0.000000
195600.000000 0.000000
196200.000000 0.000000
196800.000000 0.000000
197400.000000 0.000000
198000.000000 0.000000
198600.000000 0.000000
199200.000000 0.000000
199800.000000 0.000000
200400.000000 0.000000
201000.000000 0.000000
201600.000000 0.000000
202200.000000 0.000000
202800.000000 0.000000
203400.000000 0.000000
204000.000000 0.000000
204600.000000 0.000000
205200.000000 0.000000
205800.000000 0.000000
206400.000000 0.000000
207000.000000 0.000000
207600.000000 0.000000
208200.000000 0.000000
208800.000000 0.000000
209400.000000 0.000000
210000.000000 0.000000
210600.000000 0.000000
211200.000000 0.000000
211800.000000 0.000000
212400.000000 0.000000
213000.000000 0.000000
213600.000000 0.000000
214200.000000 0.000000
214800.000000 0.000000
215400.000000 0.000000
216000.000000 0.000000
216600.000000 0.000000
217200.000000 0.000000
217800.000000 0.000000
218400.000000 0.000000
219000.000000 0.000000
219600.000000 0.000000
220200.000000 0.000000
220800.000000 0.000000
221400.000000 0.000000
222000.000000 0.000000
222600.000000 0.000000
223200.000000 0.000000
223800.000000 0.000000
224400.000000 0.000000
225000.000000 0.000000
225600.000000 0.000000
226200.000000 0.000000
226800.000000 0.000000
227400.000000 0.000000
228000.000000 0.000000
228600.000000 0.000000
229200.000000 0.000000
229800.000000 0.000000
230400.000000 0.000000
231000.000000 0.000000
231600.000000 0.000000
232200.000000 0.000000
232800.000000 0.000000
233400.000000 0.000000
234000.000000 0.000000
234600.000000 0.000000
235200.000000 0.000000
235800.000000 0.000000
236400.000000 0.000000
237000.000000 0.000000
237600.000000 0.000000
238200.000000 0.000000
238800.000000 0.000000
239400.000000 0.000000
240000.000000 0.000000
240600.000000 0.000000
241200.000000 0.000000
241800.000000 0.000000
242400.000000 0.000000
243000.000000 0.000000
243600.000000 0.000000
244200.000000 0.000000
244800.000000 0.000000
245400.000000 0.000000
246000.000000 0.000000
246600.000000 0.000000
247200.000000 0.000000
247800.000000 0.000000
248400.000000 0.000000
249000.000000 0.000000
249600.000000 0.000000
250200.000000 0.000000
250800.000000 0.000000
251400.000000 0.000000
252000.000000 0.000000
252600.000000 0.000000
253200.000000 0.000000
253800.000000 0.000000
254400.000000 0.000000
255000.000000 0.000000
255600.000000 0.000000
256200.000000 0.000000
256800.000000 0.000000
257400.000000 0.000000
258000.000000 0.000000
258600.000000 0.000000
259200.000000 0.000000
259800.000000 0.000000
260400.000000 0.000000
261000.000000 0.000000
261600.000000 0.000000
262200.000000 0.000000
262800.000000 0.000000
263400.000000 0.000000
264000.000000 0.000000
264600.000000 0.000000
265200.000000 0.000000
265800.000000 0.000000
266400.000000 0.000000
267000.000000 0.000000
267600.000000 0.000000
268200.000000 0.000000
268800.000000 0.000000
269400.000000 0.000000
270000.000000 0.000000
270600.000000 0.000000
271200.000000 0.000000
271800.000000 0.000000
272400.000000 0.000000
273000.000000 0.000000
273600.000000 0.000000
274200.000000 0.000000
274800.000000 0.000000
275400.000000 0.000000
276000.000000 0.000000
276600.000000 0.000000
277200.000000 0.000000
277800.000000 0.000000
278400.000000 0.000000
279000.000000 0.000000
279600.000000 0.000000
280200.000000 0.000000
280800.000000 0.000000
281400.000000 0.000000
282000.000000 0.000000
282600.000000 0.000000
283200.000000 0.000000
283800.000000 0.000000
284400.000000 0.000050
285000.000000 0.000056
285600.000000 0.000043
286200.000000 0.000035
286800.000000 0.000029
287400.000000 0.000000
288000.000000 0.000000
288600.000000 0.000000
289200.000000 0.000000
289800.000000 0.000000
290400.000000 0.000000
291000.000000 0.000000
291600.000000 0.000000
292200.000000 0.000000
292800.000000 0.000000
293400.000000 0.000000
294000.000000 0.000000
294600.000000 0.000000
295200.000000 0.000000
295800.000000 0.000000
296400.000000 0.000000
297000.000000 0.000000
297600.000000 0.000000
298200.000000 0.000000
298800.000000 0.000000
299400.000000 0.000000
300000.000000 0.000000
300600.000000 0.000000
301200.000000 0.000000
301800.000000 0.000000
302400.000000 0.000000
303000.000000 0.000000
303600.000000 0.000000
304200.000000 0.000000
304800.000000 0.000000
305400.000000 0.000000
306000.000000 0.000000
306600.000000 0.000000
307200.000000 0.000000
307800.000000 0.000000
308400.000000 0.000000
309000.000000 0.000000
309600.000000 0.000000
310200.000000 0.000000
310800.000000 0.000000
311400.000000 0.000000
312000.000000 0.000000
312600.000000 0.000000
313200.000000 0.000000
313800.000000 0.000000
314400.000000 0.000000
315000.000000 0.000000
315600.000000 0.000000
316200.000000 0.000000
316800.000000 0.000000
317400.000000 0.000000
318000.000000 0.000000
318600.000000 0.000000
319200.000000 0.000000
319800.000000 0.000000
320400.000000 0.000000
321000.000000 0.000000
321600.000000 0.000000
322200.000000 0.000000
322800.000000 0.000000
323400.000000 0.000000
324000.000000 0.000050
324600.000000 0.000056
325200.000000 0.000043
325800.000000 0.000035
326400.000000 0.000030
327000.000000 0.000000
327600.000000 0.000050
328200.000000 0.000106
328800.000000 0.000136
329400.000000 0.000115
330000.000000 0.000117
330600.000000 0.000098
331200.000000 0.000062
331800.000000 0.000096
332400.000000 0.000075
333000.000000 0.000052
333600.000000 0.000041
334200.000000 0.000034
334800.000000 0.000029
335400.000000 0.000000
336000.000000 0.000000
336600.000000 0.000000
337200.000000 0.000000
337800.000000 0.000000
338400.000000 0.000000
339000.000000 0.000000
339600.000000 0.000000
340200.000000 0.000000
340800.000000 0.000000
341400.000000 0.000000
342000.000000 0.000000
342600.000000 0.000000
343200.000000 0.000000
343800.000000 0.000000
344400.000000 0.000000
345000.000000 0.000000
345600.000000 0.000000
346200.000000 0.000000
346800.000000 0.000000
347400.000000 0.000000
348000.000000 0.000000
348600.000000 0.000000
349200.000000 0.000000
349800.000000 0.000000
350400.000000 0.000000
351000.000000 0.000000
351600.000000 0.000000
352200.000000 0.000050
352800.000000 0.000056
353400.000000 0.000043
354000.000000 0.000085
354600.000000 0.000060
355200.000000 0.000045
355800.000000 0.000087
356400.000000 0.000062
357000.000000 0.000096
357600.000000 0.000125
358200.000000 0.000206
358800.000000 0.000311
359400.000000 0.000254
360000.000000 0.000303
360600.000000 0.000123
361200.000000 0.000154
361800.000000 0.000178
362400.000000 0.000191
363000.000000 0.000146
363600.000000 0.000123
364200.000000 0.000105
364800.000000 0.000114
365400.000000 0.000145
366000.000000 0.000172
366600.000000 0.000138
367200.000000 0.000122
367800.000000 0.000103
368400.000000 0.000163
369000.000000 0.000240
369600.000000 0.000256
370200.000000 0.000353
370800.000000 0.000147
371400.000000 0.000123
372000.000000 0.000104
372600.000000 0.000064
373200.000000 0.000097
373800.000000 0.000076
374400.000000 0.000053
375000.000000 0.000041
375600.000000 0.000034
376200.000000 0.000029
376800.000000 0.000000
377400.000000 0.000000
378000.000000 0.000000
378600.000000 0.000000
379200.000000 0.000000
379800.000000 0.000000
380400.000000 0.000000
381000.000000 0.000000
381600.000000 0.000000
382200.000000 0.000000
382800.000000 0.000000
383400.000000 0.000000
384000.000000 0.000000
384600.000000 0.000000
385200.000000 0.000000
385800.000000 0.000000
386400.000000 0.000000
387000.000000 0.000000
387600.000000 0.000000
388200.000000 0.000000
388800.000000 0.000000
389400.000000 0.000000
390000.000000 0.000000
390600.000000 0.000000
391200.000000 0.000000
391800.000000 0.000000
392400.000000 0.000000
393000.000000 0.000000
393600.000000 0.000000
394200.000000 0.000000
394800.000000 0.000000
395400.000000 0.000000
396000.000000 0.000000
396600.000000 0.000000
397200.000000 0.000000
397800.000000 0.000000
398400.000000 0.000000
399000.000000 0.000000
399600.000000 0.000000
400200.000000 0.000000
400800.000000 0.000000
401400.000000 0.000000
402000.000000 0.000000
402600.000000 0.000000
403200.000000 0.000000
403800.000000 0.000000
404400.000000 0.000000
405000.000000 0.000000
405600.000000 0.000000
406200.000000 0.000000
406800.000000 0.000000
407400.000000 0.000000
408000.000000 0.000000
408600.000000 0.000000
409200.000000 0.000000
409800.000000 0.000000
410400.000000 0.000000
411000.000000 0.000000
411600.000000 0.000000
412200.000000 0.000000
412800.000000 0.000000
413400.000000 0.000000
414000.000000 0.000000
414600.000000 0.000000
415200.000000 0.000000
415800.000000 0.000000
416400.000000 0.000000
417000.000000 0.000000
417600.000000 0.000000
418200.000000 0.000000
418800.000000 0.000000
419400.000000 0.000000
420000.000000 0.000000
420600.000000 0.000000
421200.000000 0.000000
421800.000000 0.000000
422400.000000 0.000000
423000.000000 0.000000
423600.000000 0.000000
424200.000000 0.000000
424800.000000 0.000000
425400.000000 0.000000
426000.000000 0.000000
426600.000000 0.000000
427200.000000 0.000000
427800.000000 0.000000
428400.000000 0.000000
429000.000000 0.000000
429600.000000 0.000000
430200.000000 0.000000
430800.000000 0.000000
431400.000000 0.000000
432000.000000 0.000000
432600.000000 0.000000
433200.000000 0.000000
433800.000000 0.000000
434400.000000 0.000000
435000.000000 0.000000
435600.000000 0.000000
436200.000000 0.000000
436800.000000 0.000000
437400.000000 0.000000
438000.000000 0.000000
438600.000000 0.000000
439200.000000 0.000000
439800.000000 0.000000
440400.000000 0.000000
441000.000000 0.000000
441600.000000 0.000000
442200.000000 0.000000
442800.000000 0.000000
443400.000000 0.000000
444000.000000 0.000000
444600.000000 0.000000
445200.000000 0.000000
445800.000000 0.000000
446400.000000 0.000000
447000.000000 0.000000
447600.000000 0.000000
448200.000000 0.000000
448800.000000 0.000000
449400.000000 0.000000
450000.000000 0.000000
450600.000000 0.000000
451200.000000 0.000000
451800.000000 0.000050
452400.000000 0.000056
453000.000000 0.000093
453600.000000 0.000120
454200.000000 0.000152
454800.000000 0.000127
455400.000000 0.000070
456000.000000 0.000100
456600.000000 0.000130
457200.000000 0.000210
457800.000000 0.000266
458400.000000 0.000126
459000.000000 0.000107
459600.000000 0.000065
460200.000000 0.000048
460800.000000 0.000088
461400.000000 0.000064
462000.000000 0.000097
462600.000000 0.000076
463200.000000 0.000053
463800.000000 0.000041
464400.000000 0.000034
465000.000000 0.000029
465600.000000 0.000050
466200.000000 0.000056
466800.000000 0.000043
467400.000000 0.000035
468000.000000 0.000030
468600.000000 0.000050
469200.000000 0.000056
469800.000000 0.000043
470400.000000 0.000035
471000.000000 0.000030
471600.000000 0.000000
472200.000000 0.000050
472800.000000 0.000056
473400.000000 0.000093
474000.000000 0.000070
474600.000000 0.000150
475200.000000 0.000211
475800.000000 0.000252
476400.000000 0.000350
477000.000000 0.000247
477600.000000 0.000348
478200.000000 0.000248
478800.000000 0.000348
479400.000000 0.000198
480000.000000 0.000198
480600.000000 0.000148
481200.000000 0.000124
481800.000000 0.000155
482400.000000 0.000129
483000.000000 0.000120
483600.000000 0.000151
484200.000000 0.000127
484800.000000 0.000120
485400.000000 0.000151
486000.000000 0.000126
486600.000000 0.000120
487200.000000 0.000151
487800.000000 0.000176
488400.000000 0.000190
489000.000000 0.000246
489600.000000 0.000347
490200.000000 0.000248
490800.000000 0.000349
491400.000000 0.000248
492000.000000 0.000399
492600.000000 0.000398
493200.000000 0.000398
493800.000000 0.000448
494400.000000 0.000572
495000.000000 0.000310
495600.000000 0.000417
496200.000000 0.000390
496800.000000 0.000351
497400.000000 0.000248
498000.000000 0.000349
498600.000000 0.000198
499200.000000 0.000198
499800.000000 0.000249
500400.000000 0.000349
501000.000000 0.000248
501600.000000 0.000349
502200.000000 0.000248
502800.000000 0.000349
503400.000000 0.000248
504000.000000 0.000349
504600.000000 0.000248
505200.000000 0.000349
505800.000000 0.000198
506400.000000 0.000248
507000.000000 0.000399
507600.000000 0.000448
508200.000000 0.000622
508800.000000 0.000622
509400.000000 0.000722
510000.000000 0.000672
510600.000000 0.000672
511200.000000 0.000622
511800.000000 0.000522
512400.000000 0.000487
513000.000000 0.000622
513600.000000 0.000572
514200.000000 0.000622
514800.000000 0.000522
515400.000000 0.000437
516000.000000 0.000722
516600.000000 0.000622
517200.000000 0.000572
517800.000000 0.000572
518400.000000 0.000360
519000.000000 0.000622
519600.000000 0.000522
520200.000000 0.000337
520800.000000 0.000466
521400.000000 0.000622
522000.000000 0.000622
522600.000000 0.000622
523200.000000 0.000522
523800.000000 0.000337
524400.000000 0.000416
525000.000000 0.000391
525600.000000 0.000401
526200.000000 0.000397
526800.000000 0.000399
527400.000000 0.000348
528000.000000 0.000198
528600.000000 0.000198
529200.000000 0.000249
529800.000000 0.000349
530400.000000 0.000198
531000.000000 0.000148
531600.000000 0.000124
532200.000000 0.000155
532800.000000 0.000179
533400.000000 0.000191
534000.000000 0.000196
534600.000000 0.000198
535200.000000 0.000248
535800.000000 0.000399
536400.000000 0.000498
537000.000000 0.000572
537600.000000 0.000309
538200.000000 0.000467
538800.000000 0.000572
539400.000000 0.000359
540000.000000 0.000472
540600.000000 0.000152
541200.000000 0.000264
541800.000000 0.000307
542400.000000 0.000123
543000.000000 0.000204
543600.000000 0.000408
544200.000000 0.000572
544800.000000 0.000359
545400.000000 0.000622
546000.000000 0.000521
546600.000000 0.000287
547200.000000 0.000257
547800.000000 0.000453
548400.000000 0.000622
549000.000000 0.000471
549600.000000 0.000168
550200.000000 0.000186
550800.000000 0.000194
551400.000000 0.000147
552000.000000 0.000074
552600.000000 0.000052
553200.000000 0.000041
553800.000000 0.000034
554400.000000 0.000029
555000.000000 0.000000
555600.000000 0.000000
556200.000000 0.000000
556800.000000 0.000000
557400.000000 0.000000
558000.000000 0.000000
558600.000000 0.000000
559200.000000 0.000000
559800.000000 0.000000
560400.000000 0.000000
561000.000000 0.000000
561600.000000 0.000000
562200.000000 0.000000
562800.000000 0.000000
563400.000000 0.000000
564000.000000 0.000000
564600.000000 0.000000
565200.000000 0.000000
565800.000000 0.000000
566400.000000 0.000000
567000.000000 0.000000
567600.000000 0.000000
568200.000000 0.000000
568800.000000 0.000000
569400.000000 0.000000
570000.000000 0.000000
570600.000000 0.000000
571200.000000 0.000000
571800.000000 0.000000
572400.000000 0.000000
573000.000000 0.000000
573600.000000 0.000000
574200.000000 0.000000
574800.000000 0.000000
575400.000000 0.000000
576000.000000 0.000000
576600.000000 0.000000
577200.000000 0.000000
577800.000000 0.000000
578400.000000 0.000000
579000.000000 0.000000
579600.000000 0.000000
580200.000000 0.000000
580800.000000 0.000000
581400.000000 0.000000
582000.000000 0.000000
582600.000000 0.000000
583200.000000 0.000000
583800.000000 0.000000
584400.000000 0.000000
585000.000000 0.000000
585600.000000 0.000000
586200.000000 0.000000
586800.000000 0.000000
587400.000000 0.000000
588000.000000 0.000000
588600.000000 0.000000
589200.000000 0.000000
589800.000000 0.000000
590400.000000 0.000000
591000.000000 0.000000
591600.000000 0.000000
592200.000000 0.000000
592800.000000 0.000000
593400.000000 0.000000
594000.000000 0.000000
594600.000000 0.000000
595200.000000 0.000000
595800.000000 0.000000
596400.000000 0.000000
597000.000000 0.000000
597600.000000 0.000000
598200.000000 0.000000
598800.000000 0.000000
599400.000000 0.000000
600000.000000 0.000000
600600.000000 0.000000
601200.000000 0.000000
601800.000000 0.000000
602400.000000 0.000000
603000.000000 0.000000
603600.000000 0.000000
604200.000000 0.000000
604800.000000 0.000000
605400.000000 0.000000
606000.000000 0.000000
606600.000000 0.000000
607200.000000 0.000000
607800.000000 0.000000
608400.000000 0.000000
609000.000000 0.000000
609600.000000 0.000000
610200.000000 0.000000
610800.000000 0.000000
611400.000000 0.000000
612000.000000 0.000000
612600.000000 0.000000
613200.000000 0.000000
613800.000000 0.000000
614400.000000 0.000000
615000.000000 0.000000
615600.000000 0.000000
616200.000000 0.000000
616800.000000 0.000000
617400.000000 0.000000
618000.000000 0.000000
618600.000000 0.000000
619200.000000 0.000000
619800.000000 0.000000
620400.000000 0.000000
621000.000000 0.000000
621600.000000 0.000000
622200.000000 0.000000
622800.000000 0.000000
623400.000000 0.000000
624000.000000 0.000000
624600.000000 0.000000
625200.000000 0.000000
625800.000000 0.000000
626400.000000 0.000000
627000.000000 0.000000
627600.000000 0.000000
628200.000000 0.000000
628800.000000 0.000000
629400.000000 0.000000
630000.000000 0.000000
630600.000000 0.000000
631200.000000 0.000000
631800.000000 0.000000
632400.000000 0.000000
633000.000000 0.000000
633600.000000 0.000000
634200.000000 0.000000
634800.000000 0.000000
635400.000000 0.000000
636000.000000 0.000000
636600.000000 0.000000
637200.000000 0.000000
637800.000000 0.000000
638400.000000 0.000000
639000.000000 0.000000
639600.000000 0.000000
640200.000000 0.000000
640800.000000 0.000000
641400.000000 0.000000
642000.000000 0.000000
642600.000000 0.000000
643200.000000 0.000000
643800.000000 0.000000
644400.000000 0.000000
645000.000000 0.000000
645600.000000 0.000000
646200.000000 0.000000
646800.000000 0.000000
647400.000000 0.000000
648000.000000 0.000000
648600.000000 0.000100
649200.000000 0.000212
649800.000000 0.000617
650400.000000 0.000572
651000.000000 0.000309
651600.000000 0.000366
652200.000000 0.000294
652800.000000 0.000672
653400.000000 0.000622
654000.000000 0.000620
654600.000000 0.000672
655200.000000 0.000572
655800.000000 0.000309
656400.000000 0.000366
657000.000000 0.000144
657600.000000 0.000123
658200.000000 0.000154
658800.000000 0.000178
659400.000000 0.000341
660000.000000 0.000572
660600.000000 0.000309
661200.000000 0.000416
661800.000000 0.000490
662400.000000 0.000572
663000.000000 0.000309
663600.000000 0.000467
664200.000000 0.000672
664800.000000 0.000622
665400.000000 0.000471
666000.000000 0.000218
666600.000000 0.000324
667200.000000 0.000152
667800.000000 0.000074
668400.000000 0.000102
669000.000000 0.000082
669600.000000 0.000056
670200.000000 0.000093
670800.000000 0.000171
671400.000000 0.000305
672000.000000 0.000367
672600.000000 0.000144
673200.000000 0.000223
673800.000000 0.000572
674400.000000 0.000672
675000.000000 0.000622
675600.000000 0.000571
676200.000000 0.000522
676800.000000 0.000254
677400.000000 0.000522
678000.000000 0.000154
678600.000000 0.000128
679200.000000 0.000070
679800.000000 0.000050
680400.000000 0.000040
681000.000000 0.000033
681600.000000 0.000028
682200.000000 0.000000
682800.000000 0.000000
683400.000000 0.000000
684000.000000 0.000000
684600.000000 0.000000
685200.000000 0.000000
685800.000000 0.000000
686400.000000 0.000000
687000.000000 0.000000
687600.000000 0.000000
688200.000000 0.000000
688800.000000 0.000000
689400.000000 0.000000
690000.000000 0.000000
690600.000000 0.000000
691200.000000 0.000050
691800.000000 0.000056
692400.000000 0.000043
693000.000000 0.000035
693600.000000 0.000030
694200.000000 0.000100
694800.000000 0.000162
695400.000000 0.000183
696000.000000 0.000143
696600.000000 0.000073
697200.000000 0.000102
697800.000000 0.000082
698400.000000 0.000056
699000.000000 0.000043
699600.000000 0.000035
700200.000000 0.000030
700800.000000 0.000050
701400.000000 0.000056
702000.000000 0.000043
702600.000000 0.000085
703200.000000 0.000110
703800.000000 0.000141
704400.000000 0.000169
705000.000000 0.000137
705600.000000 0.000122
706200.000000 0.000103
706800.000000 0.000064
707400.000000 0.000047
708000.000000 0.000038
708600.000000 0.000132
709200.000000 0.000111
709800.000000 0.000066
710400.000000 0.000098
711000.000000 0.000077
711600.000000 0.000104
712200.000000 0.000284
712800.000000 0.000522
713400.000000 0.000254
714000.000000 0.000622
714600.000000 0.000473
715200.000000 0.000118
715800.000000 0.000068
716400.000000 0.000049
717000.000000 0.000039
717600.000000 0.000033
718200.000000 0.000028
718800.000000 0.000000
719400.000000 0.000000
720000.000000 0.000000
720600.000000 0.000000
721200.000000 0.000050
721800.000000 0.000056
722400.000000 0.000143
723000.000000 0.000242
723600.000000 0.000395
724200.000000 0.000400
724800.000000 0.000348
725400.000000 0.000148
726000.000000 0.000124
726600.000000 0.000105
727200.000000 0.000214
727800.000000 0.000487
728400.000000 0.000306
729000.000000 0.000155
729600.000000 0.000075
730200.000000 0.000103
730800.000000 0.000083
731400.000000 0.000056
732000.000000 0.000043
732600.000000 0.000035
733200.000000 0.000030
733800.000000 0.000000
734400.000000 0.000000
735000.000000 0.000000
735600.000000 0.000000
736200.000000 0.000000
736800.000000 0.000000
737400.000000 0.000000
738000.000000 0.000000
738600.000000 0.000000
739200.000000 0.000000
739800.000000 0.000000
740400.000000 0.000000
741000.000000 0.000000
741600.000000 0.000000
742200.000000 0.000000
742800.000000 0.000000
743400.000000 0.000000
744000.000000 0.000000
744600.000000 0.000000
745200.000000 0.000000
745800.000000 0.000000
746400.000000 0.000000
747000.000000 0.000000
747600.000000 0.000000
748200.000000 0.000000
748800.000000 0.000000
749400.000000 0.000000
750000.000000 0.000000
750600.000000 0.000000
751200.000000 0.000000
751800.000000 0.000000
752400.000000 0.000000
753000.000000 0.000000
753600.000000 0.000000
754200.000000 0.000000
754800.000000 0.000000
755400.000000 0.000000
756000.000000 0.000000
756600.000000 0.000000
757200.000000 0.000000
757800.000000 0.000000
758400.000000 0.000000
759000.000000 0.000000
759600.000000 0.000000
760200.000000 0.000000
760800.000000 0.000000
761400.000000 0.000000
762000.000000 0.000000
762600.000000 0.000050
763200.000000 0.000056
763800.000000 0.000043
764400.000000 0.000085
765000.000000 0.000110
765600.000000 0.000241
766200.000000 0.001172
766800.000000 0.000822
767400.000000 0.000472
768000.000000 0.000052
768600.000000 0.000041
769200.000000 0.000034
769800.000000 0.000029
770400.000000 0.000000
771000.000000 0.000000
771600.000000 0.000000
772200.000000 0.000000
772800.000000 0.000000
773400.000000 0.000050
774000.000000 0.000056
774600.000000 0.000043
775200.000000 0.000035
775800.000000 0.000030
776400.000000 0.000000
777000.000000 0.000000
777600.000000 0.000000
778200.000000 0.000000
778800.000000 0.000000
779400.000000 0.000000
780000.000000 0.000000
780600.000000 0.000000
781200.000000 0.000000
781800.000000 0.000000
782400.000000 0.000000
783000.000000 0.000000
783600.000000 0.000000
784200.000000 0.000000
784800.000000 0.000000
785400.000000 0.000000
786000.000000 0.000000
786600.000000 0.000000
787200.000000 0.000000
787800.000000 0.000000
788400.000000 0.000000
789000.000000 0.000000
789600.000000 0.000000
790200.000000 0.000000
790800.000000 0.000000
791400.000000 0.000000
792000.000000 0.000000
792600.000000 0.000000
793200.000000 0.000000
793800.000000 0.000000
794400.000000 0.000000
795000.000000 0.000000
795600.000000 0.000000
796200.000000 0.000000
796800.000000 0.000000
797400.000000 0.000000
798000.000000 0.000000
798600.000000 0.000000
799200.000000 0.000000
799800.000000 0.000000
800400.000000 0.000000
801000.000000 0.000000
801600.000000 0.000000
802200.000000 0.000000
802800.000000 0.000000
803400.000000 0.000000
804000.000000 0.000000
804600.000000 0.000000
805200.000000 0.000000
805800.000000 0.000000
806400.000000 0.000000
807000.000000 0.000000
807600.000000 0.000000
808200.000000 0.000000
808800.000000 0.000000
809400.000000 0.000000
810000.000000 0.000000
810600.000000 0.000000
811200.000000 0.000000
811800.000000 0.000000
812400.000000 0.000000
813000.000000 0.000000
813600.000000 0.000000
814200.000000 0.000000
814800.000000 0.000000
815400.000000 0.000000
816000.000000 0.000000
816600.000000 0.000000
817200.000000 0.000000
817800.000000 0.000000
818400.000000 0.000000
819000.000000 0.000000
819600.000000 0.000000
820200.000000 0.000000
820800.000000 0.000000
821400.000000 0.000000
822000.000000 0.000000
822600.000000 0.000000
823200.000000 0.000000
823800.000000 0.000000
824400.000000 0.000000
825000.000000 0.000000
825600.000000 0.000000
826200.000000 0.000000
826800.000000 0.000000
827400.000000 0.000000
828000.000000 0.000000
828600.000000 0.000000
829200.000000 0.000000
829800.000000 0.000000
830400.000000 0.000000
831000.000000 0.000000
831600.000000 0.000000
832200.000000 0.000000
832800.000000 0.000000
833400.000000 0.000000
834000.000000 0.000000
834600.000000 0.000000
835200.000000 0.000000
835800.000000 0.000000
836400.000000 0.000000
837000.000000 0.000000
837600.000000 0.000000
838200.000000 0.000000
838800.000000 0.000000
839400.000000 0.000000
840000.000000 0.000000
840600.000000 0.000000
841200.000000 0.000000
841800.000000 0.000000
842400.000000 0.000000
843000.000000 0.000000
843600.000000 0.000000
844200.000000 0.000000
844800.000000 0.000000
845400.000000 0.000000
846000.000000 0.000000
846600.000000 0.000000
847200.000000 0.000000
847800.000000 0.000000
848400.000000 0.000000
849000.000000 0.000000
849600.000000 0.000000
850200.000000 0.000000
850800.000000 0.000000
851400.000000 0.000000
852000.000000 0.000000
852600.000000 0.000000
853200.000000 0.000000
853800.000000 0.000000
854400.000000 0.000000
855000.000000 0.000000
855600.000000 0.000000
856200.000000 0.000000
856800.000000 0.000000
857400.000000 0.000000
858000.000000 0.000000
858600.000000 0.000000
859200.000000 0.000000
859800.000000 0.000000
860400.000000 0.000000
861000.000000 0.000000
861600.000000 0.000000
862200.000000 0.000000
862800.000000 0.000000
863400.000000 0.000000
864000.000000 0.000000
864600.000000 0.000000
865200.000000 0.000000
865800.000000 0.000000
866400.000000 0.000000
867000.000000 0.000000
867600.000000 0.000000
868200.000000 0.000000
868800.000000 0.000000
869400.000000 0.000000
870000.000000 0.000000
870600.000000 0.000000
871200.000000 0.000000
871800.000000 0.000000
872400.000000 0.000000
873000.000000 0.000000
873600.000000 0.000000
874200.000000 0.000000
874800.000000 0.000000
875400.000000 0.000000
876000.000000 0.000000
876600.000000 0.000000
877200.000000 0.000000
877800.000000 0.000000
878400.000000 0.000000
879000.000000 0.000000
879600.000000 0.000000
880200.000000 0.000000
880800.000000 0.000000
881400.000000 0.000000
882000.000000 0.000000
882600.000000 0.000000
883200.000000 0.000000
883800.000000 0.000000
884400.000000 0.000000
885000.000000 0.000000
885600.000000 0.000000
886200.000000 0.000000
886800.000000 0.000000
887400.000000 0.000000
888000.000000 0.000000
888600.000000 0.000000
889200.000000 0.000000
889800.000000 0.000000
890400.000000 0.000000
891000.000000 0.000000
891600.000000 0.000000
892200.000000 0.000000
892800.000000 0.000000
893400.000000 0.000000
894000.000000 0.000000
894600.000000 0.000000
895200.000000 0.000000
895800.000000 0.000000
896400.000000 0.000000
897000.000000 0.000000
897600.000000 0.000000
898200.000000 0.000000
898800.000000 0.000000
899400.000000 0.000000
900000.000000 0.000000
900600.000000 0.000000
901200.000000 0.000000
901800.000000 0.000000
902400.000000 0.000000
903000.000000 0.000000
903600.000000 0.000000
904200.000000 0.000000
904800.000000 0.000000
905400.000000 0.000000
906000.000000 0.000000
906600.000000 0.000000
907200.000000 0.000000
907800.000000 0.000000
908400.000000 0.000000
909000.000000 0.000000
909600.000000 0.000000
910200.000000 0.000000
910800.000000 0.000000
911400.000000 0.000000
912000.000000 0.000000
912600.000000 0.000000
913200.000000 0.000000
913800.000000 0.000000
914400.000000 0.000000
915000.000000 0.000000
915600.000000 0.000000
916200.000000 0.000000
916800.000000 0.000000
917400.000000 0.000000
918000.000000 0.000000
918600.000000 0.000000
919200.000000 0.000000
919800.000000 0.000000
920400.000000 0.000000
921000.000000 0.000000
921600.000000 0.000000
922200.000000 0.000000
922800.000000 0.000000
923400.000000 0.000000
924000.000000 0.000000
924600.000000 0.000000
925200.000000 0.000000
925800.000000 0.000000
926400.000000 0.000000
927000.000000 0.000000
927600.000000 0.000000
928200.000000 0.000000
928800.000000 0.000000
929400.000000 0.000000
930000.000000 0.000000
930600.000000 0.000000
931200.000000 0.000000
931800.000000 0.000000
932400.000000 0.000000
933000.000000 0.000000
933600.000000 0.000000
934200.000000 0.000000
934800.000000 0.000000
935400.000000 0.000000
936000.000000 0.000000
936600.000000 0.000000
937200.000000 0.000000
937800.000000 0.000000
938400.000000 0.000000
939000.000000 0.000000
939600.000000 0.000000
940200.000000 0.000000
940800.000000 0.000000
941400.000000 0.000000
942000.000000 0.000000
942600.000000 0.000000
943200.000000 0.000000
943800.000000 0.000000
944400.000000 0.000000
945000.000000 0.000000
945600.000000 0.000000
946200.000000 0.000000
946800.000000 0.000000
947400.000000 0.000000
948000.000000 0.000000
948600.000000 0.000000
949200.000000 0.000000
949800.000000 0.000000
950400.000000 0.000000
951000.000000 0.000000
951600.000000 0.000000
952200.000000 0.000000
952800.000000 0.000000
953400.000000 0.000000
954000.000000 0.000000
954600.000000 0.000000
955200.000000 0.000000
955800.000000 0.000000
956400.000000 0.000000
957000.000000 0.000000
957600.000000 0.000000
958200.000000 0.000000
958800.000000 0.000000
959400.000000 0.000000
960000.000000 0.000000
960600.000000 0.000000
961200.000000 0.000000
961800.000000 0.000000
962400.000000 0.000000
963000.000000 0.000000
963600.000000 0.000000
964200.000000 0.000000
964800.000000 0.000000
965400.000000 0.000000
966000.000000 0.000000
966600.000000 0.000000
967200.000000 0.000000
967800.000000 0.000000
968400.000000 0.000000
969000.000000 0.000000
969600.000000 0.000000
970200.000000 0.000000
970800.000000 0.000000
971400.000000 0.000000
972000.000000 0.000000
972600.000000 0.000000
973200.000000 0.000000
973800.000000 0.000000
974400.000000 0.000000
975000.000000 0.000000
975600.000000 0.000000
976200.000000 0.000000
976800.000000 0.000000
977400.000000 0.000000
978000.000000 0.000000
978600.000000 0.000000
979200.000000 0.000000
979800.000000 0.000000
980400.000000 0.000000
981000.000000 0.000000
981600.000000 0.000000
982200.000000 0.000000
982800.000000 0.000000
983400.000000 0.000000
984000.000000 0.000000
984600.000000 0.000000
985200.000000 0.000000
985800.000000 0.000000
986400.000000 0.000000
987000.000000 0.000000
987600.000000 0.000000
988200.000000 0.000000
988800.000000 0.000000
989400.000000 0.000000
990000.000000 0.000000
990600.000000 0.000000
991200.000000 0.000000
991800.000000 0.000000
992400.000000 0.000000
993000.000000 0.000000
993600.000000 0.000000
994200.000000 0.000000
994800.000000 0.000000
995400.000000 0.000000
996000.000000 0.000000
996600.000000 0.000000
997200.000000 0.000000
997800.000000 0.000000
998400.000000 0.000000
999000.000000 0.000000
999600.000000 0.000000
1000200.000000 0.000000
1000800.000000 0.000000
1001400.000000 0.000000
1002000.000000 0.000000
1002600.000000 0.000000
1003200.000000 0.000000
1003800.000000 0.000000
1004400.000000 0.000000
1005000.000000 0.000000
1005600.000000 0.000000
1006200.000000 0.000000
1006800.000000 0.000000
1007400.000000 0.000000
1008000.000000 0.000000
1008600.000000 0.000000
1009200.000000 0.000000
1009800.000000 0.000000
1010400.000000 0.000000
1011000.000000 0.000000
1011600.000000 0.000000
1012200.000000 0.000000
1012800.000000 0.000000
1013400.000000 0.000000
1014000.000000 0.000000
1014600.000000 0.000000
1015200.000000 0.000000
1015800.000000 0.000000
1016400.000000 0.000000
1017000.000000 0.000000
1017600.000000 0.000000
1018200.000000 0.000000
1018800.000000 0.000000
1019400.000000 0.000000
1020000.000000 0.000000
1020600.000000 0.000000
1021200.000000 0.000000
1021800.000000 0.000000
1022400.000000 0.000000
1023000.000000 0.000000
1023600.000000 0.000000
1024200.000000 0.000000
1024800.000000 0.000000
1025400.000000 0.000000
1026000.000000 0.000000
1026600.000000 0.000000
1027200.000000 0.000000
1027800.000000 0.000000
1028400.000000 0.000000
1029000.000000 0.000000
1029600.000000 0.000000
1030200.000000 0.000000
1030800.000000 0.000000
1031400.000000 0.000000
1032000.000000 0.000000
1032600.000000 0.000000
1033200.000000 0.000000
1033800.000000 0.000000
1034400.000000 0.000000
1035000.000000 0.000000
1035600.000000 0.000000
1036200.000000 0.000000
1036800.000000 0.000000
1037400.000000 0.000000
1038000.000000 0.000000
1038600.000000 0.000000
1039200.000000 0.000000
1039800.000000 0.000000
1040400.000000 0.000000
1041000.000000 0.000000
1041600.000000 0.000000
1042200.000000 0.000000
1042800.000000 0.000000
1043400.000000 0.000000
1044000.000000 0.000000
1044600.000000 0.000000
1045200.000000 0.000000
1045800.000000 0.000000
1046400.000000 0.000000
1047000.000000 0.000000
1047600.000000 0.000000
1048200.000000 0.000000
1048800.000000 0.000000
1049400.000000 0.000000
1050000.000000 0.000000
1050600.000000 0.000000
1051200.000000 0.000000
1051800.000000 0.000000
1052400.000000 0.000000
1053000.000000 0.000000
1053600.000000 0.000000
1054200.000000 0.000000
1054800.000000 0.000000
1055400.000000 0.000000
1056000.000000 0.000000
1056600.000000 0.000000
1057200.000000 0.000000
1057800.000000 0.000000
1058400.000000 0.000000
1059000.000000 0.000000
1059600.000000 0.000000
1060200.000000 0.000000
1060800.000000 0.000000
1061400.000000 0.000000
1062000.000000 0.000000
1062600.000000 0.000000
1063200.000000 0.000000
1063800.000000 0.000000
1064400.000000 0.000000
1065000.000000 0.000000
1065600.000000 0.000000
1066200.000000 0.000000
1066800.000000 0.000000
1067400.000000 0.000000
1068000.000000 0.000000
1068600.000000 0.000000
1069200.000000 0.000000
1069800.000000 0.000000
1070400.000000 0.000000
1071000.000000 0.000000
1071600.000000 0.000000
1072200.000000 0.000000
1072800.000000 0.000000
1073400.000000 0.000000
1074000.000000 0.000000
1074600.000000 0.000000
1075200.000000 0.000000
1075800.000000 0.000000
1076400.000000 0.000000
1077000.000000 0.000000
1077600.000000 0.000000
1078200.000000 0.000000
1078800.000000 0.000000
1079400.000000 0.000000
1080000.000000 0.000000
1080600.000000 0.000000
1081200.000000 0.000000
1081800.000000 0.000000
1082400.000000 0.000000
1083000.000000 0.000000
1083600.000000 0.000000
1084200.000000 0.000000
1084800.000000 0.000000
1085400.000000 0.000000
1086000.000000 0.000000
1086600.000000 0.000000
1087200.000000 0.000000
1087800.000000 0.000000
1088400.000000 0.000000
1089000.000000 0.000000
1089600.000000 0.000000
1090200.000000 0.000000
1090800.000000 0.000000
1091400.000000 0.000000
1092000.000000 0.000000
1092600.000000 0.000000
1093200.000000 0.000000
1093800.000000 0.000000
1094400.000000 0.000000
1095000.000000 0.000000
1095600.000000 0.000000
1096200.000000 0.000000
1096800.000000 0.000000
1097400.000000 0.000000
1098000.000000 0.000000
1098600.000000 0.000000
1099200.000000 0.000000
1099800.000000 0.000000
1100400.000000 0.000000
1101000.000000 0.000000
1101600.000000 0.000000
1102200.000000 0.000000
1102800.000000 0.000000
1103400.000000 0.000000
1104000.000000 0.000000
1104600.000000 0.000000
1105200.000000 0.000000
1105800.000000 0.000000
1106400.000000 0.000000
1107000.000000 0.000000
1107600.000000 0.000000
1108200.000000 0.000000
1108800.000000 0.000000
1109400.000000 0.000000
1110000.000000 0.000000
1110600.000000 0.000000
1111200.000000 0.000000
1111800.000000 0.000000
1112400.000000 0.000000
1113000.000000 0.000000
1113600.000000 0.000000
1114200.000000 0.000000
1114800.000000 0.000000
1115400.000000 0.000000
1116000.000000 0.000000
1116600.000000 0.000000
1117200.000000 0.000000
1117800.000000 0.000000
1118400.000000 0.000000
1119000.000000 0.000000
1119600.000000 0.000000
1120200.000000 0.000000
1120800.000000 0.000000
1121400.000000 0.000000
1122000.000000 0.000000
1122600.000000 0.000000
1123200.000000 0.000000
1123800.000000 0.000000
1124400.000000 0.000000
1125000.000000 0.000000
1125600.000000 0.000000
1126200.000000 0.000000
1126800.000000 0.000000
1127400.000000 0.000000
1128000.000000 0.000000
1128600.000000 0.000000
1129200.000000 0.000000
1129800.000000 0.000000
1130400.000000 0.000000
1131000.000000 0.000000
1131600.000000 0.000000
1132200.000000 0.000000
1132800.000000 0.000000
1133400.000000 0.000000
1134000.000000 0.000000
1134600.000000 0.000000
1135200.000000 0.000000
1135800.000000 0.000000
1136400.000000 0.000000
1137000.000000 0.000000
1137600.000000 0.000000
1138200.000000 0.000000
1138800.000000 0.000000
1139400.000000 0.000000
1140000.000000 0.000000
1140600.000000 0.000000
1141200.000000 0.000000
1141800.000000 0.000000
1142400.000000 0.000000
1143000.000000 0.000000
1143600.000000 0.000000
1144200.000000 0.000000
1144800.000000 0.000000
1145400.000000 0.000000
1146000.000000 0.000000
1146600.000000 0.000000
1147200.000000 0.000000
1147800.000000 0.000000
1148400.000000 0.000000
1149000.000000 0.000000
1149600.000000 0.000000
1150200.000000 0.000000
1150800.000000 0.000000
1151400.000000 0.000050
1152000.000000 0.000056
1152600.000000 0.000042
1153200.000000 0.000035
1153800.000000 0.000029
1154400.000000 0.000000
1155000.000000 0.000000
1155600.000000 0.000000
1156200.000000 0.000000
1156800.000000 0.000000
1157400.000000 0.000000
1158000.000000 0.000000
1158600.000000 0.000000
1159200.000000 0.000000
1159800.000000 0.000000
1160400.000000 0.000000
1161000.000000 0.000000
1161600.000000 0.000000
1162200.000000 0.000000
1162800.000000 0.000000
1163400.000000 0.000000
1164000.000000 0.000000
1164600.000000 0.000000
1165200.000000 0.000000
1165800.000000 0.000000
1166400.000000 0.000000
1167000.000000 0.000000
1167600.000000 0.000000
1168200.000000 0.000000
1168800.000000 0.000000
1169400.000000 0.000000
1170000.000000 0.000000
1170600.000000 0.000000
1171200.000000 0.000000
1171800.000000 0.000000
1172400.000000 0.000000
1173000.000000 0.000000
1173600.000000 0.000000
1174200.000000 0.000000
1174800.000000 0.000000
1175400.000000 0.000000
1176000.000000 0.000000
1176600.000000 0.000000
1177200.000000 0.000000
1177800.000000 0.000000
1178400.000000 0.000000
1179000.000000 0.000000
1179600.000000 0.000000
1180200.000000 0.000000
1180800.000000 0.000000
1181400.000000 0.000000
1182000.000000 0.000000
1182600.000000 0.000000
1183200.000000 0.000000
1183800.000000 0.000000
1184400.000000 0.000000
1185000.000000 0.000000
1185600.000000 0.000000
1186200.000000 0.000000
1186800.000000 0.000000
1187400.000000 0.000000
1188000.000000 0.000000
1188600.000000 0.000000
1189200.000000 0.000000
1189800.000000 0.000000
1190400.000000 0.000000
1191000.000000 0.000000
1191600.000000 0.000000
1192200.000000 0.000000
1192800.000000 0.000000
1193400.000000 0.000000
1194000.000000 0.000000
1194600.000000 0.000000
1195200.000000 0.000000
1195800.000000 0.000000
1196400.000000 0.000000
1197000.000000 0.000000
1197600.000000 0.000000
1198200.000000 0.000000
1198800.000000 0.000000
1199400.000000 0.000000
1200000.000000 0.000000
1200600.000000 0.000000
1201200.000000 0.000000
1201800.000000 0.000000
1202400.000000 0.000000
1203000.000000 0.000000
1203600.000000 0.000000
1204200.000000 0.000000
1204800.000000 0.000000
1205400.000000 0.000000
1206000.000000 0.000000
1206600.000000 0.000000
1207200.000000 0.000000
1207800.000000 0.000000
1208400.000000 0.000000
1209000.000000 0.000000
1209600.000000 0.000000
1210200.000000 0.000000
1210800.000000 0.000000
1211400.000000 0.000000
1212000.000000 0.000000
1212600.000000 0.000000
1213200.000000 0.000000
1213800.000000 0.000000
1214400.000000 0.000000
1215000.000000 0.000000
1215600.000000 0.000000
1216200.000000 0.000000
1216800.000000 0.000000
1217400.000000 0.000000
1218000.000000 0.000000
1218600.000000 0.000000
1219200.000000 0.000000
1219800.000000 0.000000
1220400.000000 0.000000
1221000.000000 0.000000
1221600.000000 0.000000
1222200.000000 0.000000
1222800.000000 0.000000
1223400.000000 0.000000
1224000.000000 0.000000
1224600.000000 0.000000
1225200.000000 0.000000
1225800.000000 0.000000
1226400.000000 0.000000
1227000.000000 0.000000
1227600.000000 0.000000
1228200.000000 0.000000
1228800.000000 0.000000
1229400.000000 0.000000
1230000.000000 0.000000
1230600.000000 0.000000
1231200.000000 0.000000
1231800.000000 0.000000
1232400.000000 0.000000
1233000.000000 0.000000
1233600.000000 0.000000
1234200.000000 0.000000
1234800.000000 0.000000
1235400.000000 0.000000
1236000.000000 0.000000
1236600.000000 0.000000
1237200.000000 0.000000
1237800.000000 0.000000
1238400.000000 0.000000
1239000.000000 0.000000
1239600.000000 0.000000
1240200.000000 0.000000
1240800.000000 0.000000
1241400.000000 0.000000
1242000.000000 0.000000
1242600.000000 0.000000
1243200.000000 0.000000
1243800.000000 0.000000
1244400.000000 0.000000
1245000.000000 0.000000
1245600.000000 0.000000
1246200.000000 0.000000
1246800.000000 0.000000
1247400.000000 0.000000
1248000.000000 0.000000
1248600.000000 0.000000
1249200.000000 0.000000
1249800.000000 0.000000
1250400.000000 0.000000
1251000.000000 0.000000
1251600.000000 0.000000
1252200.000000 0.000000
1252800.000000 0.000000
1253400.000000 0.000000
1254000.000000 0.000000
1254600.000000 0.000000
1255200.000000 0.000000
1255800.000000 0.000000
1256400.000000 0.000000
1257000.000000 0.000000
1257600.000000 0.000000
1258200.000000 0.000000
1258800.000000 0.000000
1259400.000000 0.000000
1260000.000000 0.000000
1260600.000000 0.000000
1261200.000000 0.000000
1261800.000000 0.000000
1262400.000000 0.000000
1263000.000000 0.000000
1263600.000000 0.000000
1264200.000000 0.000000
1264800.000000 0.000000
1265400.000000 0.000000
1266000.000000 0.000000
1266600.000000 0.000000
1267200.000000 0.000000
1267800.000000 0.000000
1268400.000000 0.000000
1269000.000000 0.000000
1269600.000000 0.000000
1270200.000000 0.000000
1270800.000000 0.000000
1271400.000000 0.000000
1272000.000000 0.000000
1272600.000000 0.000000
1273200.000000 0.000000
1273800.000000 0.000000
1274400.000000 0.000000
1275000.000000 0.000000
1275600.000000 0.000000
1276200.000000 0.000000
1276800.000000 0.000000
1277400.000000 0.000000
1278000.000000 0.000000
1278600.000000 0.000000
1279200.000000 0.000000
1279800.000000 0.000000
1280400.000000 0.000000
1281000.000000 0.000000
1281600.000000 0.000000
1282200.000000 0.000000
1282800.000000 0.000000
1283400.000000 0.000000
1284000.000000 0.000000
1284600.000000 0.000000
1285200.000000 0.000000
1285800.000000 0.000000
1286400.000000 0.000000
1287000.000000 0.000000
1287600.000000 0.000000
1288200.000000 0.000000
1288800.000000 0.000000
1289400.000000 0.000000
1290000.000000 0.000000
1290600.000000 0.000000
1291200.000000 0.000000
1291800.000000 0.000000
1292400.000000 0.000000
1293000.000000 0.000000
1293600.000000 0.000000
1294200.000000 0.000000
1294800.000000 0.000000
1295400.000000 0.000000
1296000.000000 0.000000
1296600.000000 0.000000
1297200.000000 0.000000
1297800.000000 0.000000
1298400.000000 0.000000
1299000.000000 0.000000
1299600.000000 0.000000
1300200.000000 0.000000
1300800.000000 0.000000
1301400.000000 0.000000
1302000.000000 0.000000
1302600.000000 0.000000
1303200.000000 0.000000
1303800.000000 0.000000
1304400.000000 0.000000
1305000.000000 0.000000
1305600.000000 0.000000
1306200.000000 0.000000
1306800.000000 0.000000
1307400.000000 0.000000
1308000.000000 0.000000
1308600.000000 0.000000
1309200.000000 0.000000
1309800.000000 0.000000
1310400.000000 0.000000
1311000.000000 0.000000
1311600.000000 0.000000
1312200.000000 0.000000
1312800.000000 0.000000
1313400.000000 0.000000
1314000.000000 0.000000
1314600.000000 0.000000
1315200.000000 0.000000
1315800.000000 0.000000
1316400.000000 0.000000
1317000.000000 0.000000
1317600.000000 0.000000
1318200.000000 0.000000
1318800.000000 0.000000
1319400.000000 0.000000
1320000.000000 0.000000
1320600.000000 0.000000
1321200.000000 0.000000
1321800.000000 0.000000
1322400.000000 0.000000
1323000.000000 0.000000
1323600.000000 0.000000
1324200.000000 0.000000
1324800.000000 0.000000
1325400.000000 0.000000
1326000.000000 0.000000
1326600.000000 0.000000
1327200.000000 0.000000
1327800.000000 0.000000
1328400.000000 0.000000
1329000.000000 0.000000
1329600.000000 0.000000
1330200.000000 0.000000
1330800.000000 0.000000
1331400.000000 0.000000
1332000.000000 0.000000
1332600.000000 0.000000
1333200.000000 0.000000
1333800.000000 0.000000
1334400.000000 0.000000
1335000.000000 0.000000
1335600.000000 0.000000
1336200.000000 0.000000
1336800.000000 0.000000
1337400.000000 0.000000
1338000.000000 0.000000
1338600.000000 0.000000
1339200.000000 0.000000
1339800.000000 0.000000
1340400.000000 0.000000
1341000.000000 0.000000
1341600.000000 0.000000
1342200.000000 0.000000
1342800.000000 0.000000
1343400.000000 0.000000
1344000.000000 0.000000
1344600.000000 0.000000
1345200.000000 0.000000
1345800.000000 0.000000
1346400.000000 0.000000
1347000.000000 0.000000
1347600.000000 0.000000
1348200.000000 0.000000
1348800.000000 0.000000
1349400.000000 0.000000
1350000.000000 0.000000
1350600.000000 0.000000
1351200.000000 0.000000
1351800.000000 0.000000
1352400.000000 0.000000
1353000.000000 0.000000
1353600.000000 0.000000
1354200.000000 0.000000
1354800.000000 0.000000
1355400.000000 0.000000
1356000.000000 0.000000
1356600.000000 0.000000
1357200.000000 0.000000
1357800.000000 0.000000
1358400.000000 0.000000
1359000.000000 0.000000
1359600.000000 0.000000
1360200.000000 0.000000
1360800.000000 0.000000
1361400.000000 0.000000
1362000.000000 0.000000
1362600.000000 0.000000
1363200.000000 0.000000
1363800.000000 0.000000
1364400.000000 0.000000
1365000.000000 0.000000
1365600.000000 0.000000
1366200.000000 0.000000
1366800.000000 0.000000
1367400.000000 0.000000
1368000.000000 0.000000
1368600.000000 0.000000
1369200.000000 0.000000
1369800.000000 0.000000
1370400.000000 0.000000
1371000.000000 0.000000
1371600.000000 0.000000
1372200.000000 0.000000
1372800.000000 0.000000
1373400.000000 0.000000
1374000.000000 0.000000
1374600.000000 0.000000
1375200.000000 0.000000
1375800.000000 0.000000
1376400.000000 0.000000
1377000.000000 0.000000
1377600.000000 0.000000
1378200.000000 0.000000
1378800.000000 0.000000
1379400.000000 0.000000
1380000.000000 0.000000
1380600.000000 0.000000
1381200.000000 0.000000
1381800.000000 0.000000
1382400.000000 0.000000
1383000.000000 0.000000
1383600.000000 0.000000
1384200.000000 0.000000
1384800.000000 0.000000
1385400.000000 0.000000
1386000.000000 0.000000
1386600.000000 0.000000
1387200.000000 0.000000
1387800.000000 0.000000
1388400.000000 0.000000
1389000.000000 0.000000
1389600.000000 0.000000
1390200.000000 0.000000
1390800.000000 0.000000
1391400.000000 0.000000
1392000.000000 0.000000
1392600.000000 0.000000
1393200.000000 0.000000
1393800.000000 0.000000
1394400.000000 0.000000
1395000.000000 0.000000
1395600.000000 0.000000
1396200.000000 0.000000
1396800.000000 0.000000
1397400.000000 0.000000
1398000.000000 0.000000
1398600.000000 0.000000
1399200.000000 0.000000
1399800.000000 0.000000
1400400.000000 0.000000
1401000.000000 0.000000
1401600.000000 0.000000
1402200.000000 0.000000
1402800.000000 0.000000
1403400.000000 0.000000
1404000.000000 0.000000
1404600.000000 0.000000
1405200.000000 0.000000
1405800.000000 0.000000
1406400.000000 0.000000
1407000.000000 0.000000
1407600.000000 0.000000
1408200.000000 0.000000
1408800.000000 0.000000
1409400.000000 0.000000
1410000.000000 0.000000
1410600.000000 0.000000
1411200.000000 0.000000
1411800.000000 0.000050
1412400.000000 0.000056
1413000.000000 0.000043
1413600.000000 0.000035
1414200.000000 0.000130
1414800.000000 0.000155
1415400.000000 0.000179
1416000.000000 0.000141
1416600.000000 0.000173
1417200.000000 0.000259
1417800.000000 0.000207
1418400.000000 0.000201
1419000.000000 0.000199
1419600.000000 0.000149
1420200.000000 0.000124
1420800.000000 0.000155
1421400.000000 0.000228
1422000.000000 0.000283
1422600.000000 0.000074
1423200.000000 0.000052
1423800.000000 0.000091
1424400.000000 0.000067
1425000.000000 0.000049
1425600.000000 0.000039
1426200.000000 0.000032
1426800.000000 0.000000
1427400.000000 0.000000
1428000.000000 0.000000
1428600.000000 0.000000
1429200.000000 0.000000
1429800.000000 0.000000
1430400.000000 0.000000
1431000.000000 0.000000
1431600.000000 0.000000
1432200.000000 0.000000
1432800.000000 0.000000
1433400.000000 0.000000
1434000.000000 0.000000
1434600.000000 0.000000
1435200.000000 0.000000
1435800.000000 0.000000
1436400.000000 0.000000
1437000.000000 0.000000
1437600.000000 0.000000
1438200.000000 0.000000
1438800.000000 0.000000
1439400.000000 0.000000
1440000.000000 0.000000
1440600.000000 0.000000
1441200.000000 0.000000
1441800.000000 0.000000
1442400.000000 0.000000
1443000.000000 0.000000
1443600.000000 0.000000
1444200.000000 0.000000
1444800.000000 0.000000
1445400.000000 0.000000
1446000.000000 0.000000
1446600.000000 0.000000
1447200.000000 0.000000
1447800.000000 0.000000
1448400.000000 0.000000
1449000.000000 0.000000
1449600.000000 0.000000
1450200.000000 0.000000
1450800.000000 0.000000
1451400.000000 0.000000
1452000.000000 0.000000
1452600.000000 0.000000
1453200.000000 0.000000
1453800.000000 0.000000
1454400.000000 0.000000
1455000.000000 0.000000
1455600.000000 0.000000
1456200.000000 0.000000
1456800.000000 0.000000
1457400.000000 0.000000
1458000.000000 0.000000
1458600.000000 0.000000
1459200.000000 0.000000
1459800.000000 0.000000
1460400.000000 0.000000
1461000.000000 0.000000
1461600.000000 0.000000
1462200.000000 0.000000
1462800.000000 0.000000
1463400.000000 0.000000
1464000.000000 0.000000
1464600.000000 0.000000
1465200.000000 0.000000
1465800.000000 0.000000
1466400.000000 0.000000
1467000.000000 0.000000
1467600.000000 0.000000
1468200.000000 0.000000
1468800.000000 0.000000
1469400.000000 0.000000
1470000.000000 0.000000
1470600.000000 0.000000
1471200.000000 0.000000
1471800.000000 0.000000
1472400.000000 0.000000
1473000.000000 0.000000
1473600.000000 0.000000
1474200.000000 0.000000
1474800.000000 0.000000
1475400.000000 0.000000
1476000.000000 0.000000
1476600.000000 0.000000
1477200.000000 0.000000
1477800.000000 0.000000
1478400.000000 0.000000
1479000.000000 0.000000
1479600.000000 0.000000
1480200.000000 0.000000
1480800.000000 0.000000
1481400.000000 0.000000
1482000.000000 0.000000
1482600.000000 0.000000
1483200.000000 0.000000
1483800.000000 0.000000
1484400.000000 0.000000
1485000.000000 0.000000
1485600.000000 0.000000
1486200.000000 0.000000
1486800.000000 0.000000
1487400.000000 0.000000
1488000.000000 0.000000
1488600.000000 0.000000
1489200.000000 0.000000
1489800.000000 0.000000
1490400.000000 0.000000
1491000.000000 0.000000
1491600.000000 0.000000
1492200.000000 0.000000
1492800.000000 0.000000
1493400.000000 0.000000
1494000.000000 0.000000
1494600.000000 0.000000
1495200.000000 0.000000
1495800.000000 0.000000
1496400.000000 0.000000
1497000.000000 0.000000
1497600.000000 0.000000
1498200.000000 0.000000
1498800.000000 0.000000
1499400.000000 0.000000
1500000.000000 0.000000
1500600.000000 0.000000
1501200.000000 0.000000
1501800.000000 0.000000
1502400.000000 0.000000
1503000.000000 0.000000
1503600.000000 0.000000
1504200.000000 0.000000
1504800.000000 0.000000
1505400.000000 0.000000
1506000.000000 0.000000
1506600.000000 0.000000
1507200.000000 0.000000
1507800.000000 0.000000
1508400.000000 0.000000
1509000.000000 0.000000
1509600.000000 0.000000
1510200.000000 0.000000
1510800.000000 0.000000
1511400.000000 0.000000
1512000.000000 0.000000
1512600.000000 0.000000
1513200.000000 0.000000
1513800.000000 0.000000
1514400.000000 0.000000
1515000.000000 0.000000
1515600.000000 0.000000
1516200.000000 0.000000
1516800.000000 0.000000
1517400.000000 0.000000
1518000.000000 0.000000
1518600.000000 0.000000
1519200.000000 0.000000
1519800.000000 0.000000
1520400.000000 0.000000
1521000.000000 0.000000
1521600.000000 0.000000
1522200.000000 0.000000
1522800.000000 0.000000
1523400.000000 0.000000
1524000.000000 0.000000
1524600.000000 0.000000
1525200.000000 0.000000
1525800.000000 0.000000
1526400.000000 0.000000
1527000.000000 0.000000
1527600.000000 0.000000
1528200.000000 0.000000
1528800.000000 0.000000
1529400.000000 0.000000
1530000.000000 0.000000
1530600.000000 0.000000
1531200.000000 0.000000
1531800.000000 0.000000
1532400.000000 0.000000
1533000.000000 0.000000
1533600.000000 0.000000
1534200.000000 0.000000
1534800.000000 0.000000
1535400.000000 0.000000
1536000.000000 0.000000
1536600.000000 0.000000
1537200.000000 0.000000
1537800.000000 0.000000
1538400.000000 0.000000
1539000.000000 0.000000
1539600.000000 0.000000
1540200.000000 0.000000
1540800.000000 0.000000
1541400.000000 0.000000
1542000.000000 0.000000
1542600.000000 0.000000
1543200.000000 0.000000
1543800.000000 0.000000
1544400.000000 0.000000
1545000.000000 0.000000
1545600.000000 0.000000
1546200.000000 0.000000
1546800.000000 0.000000
1547400.000000 0.000000
1548000.000000 0.000000
1548600.000000 0.000000
1549200.000000 0.000000
1549800.000000 0.000000
1550400.000000 0.000000
1551000.000000 0.000000
1551600.000000 0.000000
1552200.000000 0.000000
1552800.000000 0.000000
1553400.000000 0.000000
1554000.000000 0.000000
1554600.000000 0.000000
1555200.000000 0.000000
1555800.000000 0.000000
1556400.000000 0.000000
1557000.000000 0.000000
1557600.000000 0.000000
1558200.000000 0.000000
1558800.000000 0.000000
1559400.000000 0.000000
1560000.000000 0.000000
1560600.000000 0.000000
1561200.000000 0.000000
1561800.000000 0.000000
1562400.000000 0.000000
1563000.000000 0.000000
1563600.000000 0.000000
1564200.000000 0.000000
1564800.000000 0.000000
1565400.000000 0.000000
1566000.000000 0.000000
1566600.000000 0.000000
1567200.000000 0.000000
1567800.000000 0.000000
1568400.000000 0.000000
1569000.000000 0.000000
1569600.000000 0.000000
1570200.000000 0.000050
1570800.000000 0.000056
1571400.000000 0.000093
1572000.000000 0.000070
1572600.000000 0.000050
1573200.000000 0.000040
1573800.000000 0.000033
1574400.000000 0.000028
1575000.000000 0.000000
1575600.000000 0.000000
1576200.000000 0.000000
1576800.000000 0.000000
1577400.000000 0.000000
1578000.000000 0.000000
1578600.000000 0.000000
1579200.000000 0.000000
1579800.000000 0.000000
1580400.000000 0.000050
1581000.000000 0.000056
1581600.000000 0.000043
1582200.000000 0.000035
1582800.000000 0.000030
1583400.000000 0.000000
1584000.000000 0.000000
1584600.000000 0.000050
1585200.000000 0.000056
1585800.000000 0.000043
1586400.000000 0.000035
1587000.000000 0.000030
1587600.000000 0.000000
1588200.000000 0.000050
1588800.000000 0.000056
1589400.000000 0.000043
1590000.000000 0.000035
1590600.000000 0.000030
1591200.000000 0.000050
1591800.000000 0.000106
1592400.000000 0.000136
1593000.000000 0.000115
1593600.000000 0.000066
1594200.000000 0.000048
1594800.000000 0.000038
1595400.000000 0.000032
1596000.000000 0.000000
1596600.000000 0.000000
1597200.000000 0.000000
1597800.000000 0.000000
1598400.000000 0.000000
1599000.000000 0.000000
1599600.000000 0.000000
1600200.000000 0.000000
1600800.000000 0.000000
1601400.000000 0.000000
1602000.000000 0.000000
1602600.000000 0.000000
1603200.000000 0.000000
1603800.000000 0.000000
1604400.000000 0.000000
1605000.000000 0.000000
1605600.000000 0.000000
1606200.000000 0.000000
1606800.000000 0.000000
1607400.000000 0.000000
1608000.000000 0.000000
1608600.000000 0.000000
1609200.000000 0.000000
1609800.000000 0.000000
1610400.000000 0.000000
1611000.000000 0.000000
1611600.000000 0.000000
1612200.000000 0.000000
1612800.000000 0.000000
1613400.000000 0.000000
1614000.000000 0.000000
1614600.000000 0.000000
1615200.000000 0.000000
1615800.000000 0.000000
1616400.000000 0.000000
1617000.000000 0.000000
1617600.000000 0.000000
1618200.000000 0.000000
1618800.000000 0.000000
1619400.000000 0.000000
1620000.000000 0.000000
1620600.000000 0.000000
1621200.000000 0.000000
1621800.000000 0.000000
1622400.000000 0.000000
1623000.000000 0.000000
1623600.000000 0.000000
1624200.000000 0.000000
1624800.000000 0.000100
1625400.000000 0.000112
1626000.000000 0.000116
1626600.000000 0.000097
1627200.000000 0.000111
1627800.000000 0.000092
1628400.000000 0.000110
1629000.000000 0.000141
1629600.000000 0.000119
1630200.000000 0.000118
1630800.000000 0.000099
1631400.000000 0.000112
1632000.000000 0.000093
1632600.000000 0.000060
1633200.000000 0.000095
1633800.000000 0.000073
1634400.000000 0.000102
1635000.000000 0.000082
1635600.000000 0.000105
1636200.000000 0.000086
1636800.000000 0.000057
1637400.000000 0.000094
1638000.000000 0.000071
1638600.000000 0.000051
1639200.000000 0.000040
1639800.000000 0.000033
1640400.000000 0.000028
1641000.000000 0.000000
1641600.000000 0.000000
1642200.000000 0.000000
1642800.000000 0.000000
1643400.000000 0.000000
1644000.000000 0.000000
1644600.000000 0.000000
1645200.000000 0.000000
1645800.000000 0.000000
1646400.000000 0.000000
1647000.000000 0.000000
1647600.000000 0.000000
1648200.000000 0.000000
1648800.000000 0.000000
1649400.000000 0.000000
1650000.000000 0.000000
1650600.000000 0.000000
1651200.000000 0.000000
1651800.000000 0.000000
1652400.000000 0.000000
1653000.000000 0.000000
1653600.000000 0.000000
1654200.000000 0.000000
1654800.000000 0.000000
1655400.000000 0.000000
1656000.000000 0.000000
1656600.000000 0.000000
1657200.000000 0.000000
1657800.000000 0.000000
1658400.000000 0.000000
1659000.000000 0.000000
1659600.000000 0.000000
1660200.000000 0.000000
1660800.000000 0.000000
1661400.000000 0.000000
1662000.000000 0.000000
1662600.000000 0.000000
1663200.000000 0.000000
1663800.000000 0.000000
1664400.000000 0.000000
1665000.000000 0.000000
1665600.000000 0.000000
1666200.000000 0.000000
1666800.000000 0.000000
1667400.000000 0.000000
1668000.000000 0.000000
1668600.000000 0.000000
1669200.000000 0.000000
1669800.000000 0.000000
1670400.000000 0.000000
1671000.000000 0.000000
1671600.000000 0.000000
1672200.000000 0.000000
1672800.000000 0.000000
1673400.000000 0.000000
1674000.000000 0.000000
1674600.000000 0.000000
1675200.000000 0.000000
1675800.000000 0.000000
1676400.000000 0.000000
1677000.000000 0.000000
1677600.000000 0.000000
1678200.000000 0.000000
1678800.000000 0.000000
1679400.000000 0.000000
1680000.000000 0.000000
1680600.000000 0.000000
1681200.000000 0.000000
1681800.000000 0.000000
1682400.000000 0.000000
1683000.000000 0.000000
1683600.000000 0.000000
1684200.000000 0.000000
1684800.000000 0.000000
1685400.000000 0.000000
1686000.000000 0.000000
1686600.000000 0.000000
1687200.000000 0.000000
1687800.000000 0.000000
1688400.000000 0.000000
1689000.000000 0.000000
1689600.000000 0.000000
1690200.000000 0.000000
1690800.000000 0.000000
1691400.000000 0.000000
1692000.000000 0.000000
1692600.000000 0.000000
1693200.000000 0.000000
1693800.000000 0.000000
1694400.000000 0.000000
1695000.000000 0.000000
1695600.000000 0.000000
1696200.000000 0.000000
1696800.000000 0.000000
1697400.000000 0.000000
1698000.000000 0.000000
1698600.000000 0.000000
1699200.000000 0.000000
1699800.000000 0.000000
1700400.000000 0.000000
1701000.000000 0.000000
1701600.000000 0.000000
1702200.000000 0.000000
1702800.000000 0.000000
1703400.000000 0.000000
1704000.000000 0.000000
1704600.000000 0.000000
1705200.000000 0.000000
1705800.000000 0.000000
1706400.000000 0.000000
1707000.000000 0.000100
1707600.000000 0.000212
1708200.000000 0.000316
1708800.000000 0.000152
1709400.000000 0.000124
1710000.000000 0.000105
1710600.000000 0.000064
1711200.000000 0.000097
1711800.000000 0.000076
1712400.000000 0.000053
1713000.000000 0.000041
1713600.000000 0.000034
1714200.000000 0.000029
1714800.000000 0.000000
1715400.000000 0.000000
1716000.000000 0.000000
1716600.000000 0.000000
1717200.000000 0.000000
1717800.000000 0.000000
1718400.000000 0.000000
1719000.000000 0.000000
1719600.000000 0.000050
1720200.000000 0.000056
1720800.000000 0.000043
1721400.000000 0.000035
1722000.000000 0.000030
1722600.000000 0.000000
1723200.000000 0.000000
1723800.000000 0.000000
1724400.000000 0.000000
1725000.000000 0.000000
1725600.000000 0.000000
1726200.000000 0.000000
1726800.000000 0.000000
1727400.000000 0.000000
1728000.000000 0.000000
1728600.000000 0.000000
1729200.000000 0.000000
1729800.000000 0.000000
1730400.000000 0.000000
1731000.000000 0.000000
1731600.000000 0.000000
1732200.000000 0.000000
1732800.000000 0.000000
1733400.000000 0.000000
1734000.000000 0.000000
1734600.000000 0.000000
1735200.000000 0.000000
1735800.000000 0.000000
1736400.000000 0.000000
1737000.000000 0.000000
1737600.000000 0.000000
1738200.000000 0.000000
1738800.000000 0.000000
1739400.000000 0.000000
1740000.000000 0.000000
1740600.000000 0.000000
1741200.000000 0.000000
1741800.000000 0.000000
1742400.000000 0.000000
1743000.000000 0.000000
1743600.000000 0.000000
1744200.000000 0.000000
1744800.000000 0.000000
1745400.000000 0.000000
1746000.000000 0.000000
1746600.000000 0.000000
1747200.000000 0.000000
1747800.000000 0.000000
1748400.000000 0.000000
1749000.000000 0.000000
1749600.000000 0.000000
1750200.000000 0.000000
1750800.000000 0.000000
1751400.000000 0.000000
1752000.000000 0.000000
1752600.000000 0.000000
1753200.000000 0.000000
1753800.000000 0.000000
1754400.000000 0.000000
1755000.000000 0.000000
1755600.000000 0.000000
1756200.000000 0.000000
1756800.000000 0.000000
1757400.000000 0.000000
1758000.000000 0.000000
1758600.000000 0.000000
1759200.000000 0.000000
1759800.000000 0.000000
1760400.000000 0.000000
1761000.000000 0.000000
1761600.000000 0.000000
1762200.000000 0.000000
1762800.000000 0.000000
1763400.000000 0.000000
1764000.000000 0.000000
1764600.000000 0.000000
1765200.000000 0.000000
1765800.000000 0.000000
1766400.000000 0.000000
1767000.000000 0.000000
1767600.000000 0.000000
1768200.000000 0.000000
1768800.000000 0.000000
1769400.000000 0.000000
1770000.000000 0.000000
1770600.000000 0.000000
1771200.000000 0.000000
1771800.000000 0.000000
1772400.000000 0.000000
1773000.000000 0.000000
1773600.000000 0.000000
1774200.000000 0.000000
1774800.000000 0.000000
1775400.000000 0.000000
1776000.000000 0.000000
1776600.000000 0.000000
1777200.000000 0.000000
1777800.000000 0.000000
1778400.000000 0.000000
1779000.000000 0.000000
1779600.000000 0.000000
1780200.000000 0.000000
1780800.000000 0.000000
1781400.000000 0.000000
1782000.000000 0.000000
1782600.000000 0.000000
1783200.000000 0.000000
1783800.000000 0.000000
1784400.000000 0.000000
1785000.000000 0.000000
1785600.000000 0.000000
1786200.000000 0.000000
1786800.000000 0.000000
1787400.000000 0.000000
1788000.000000 0.000000
1788600.000000 0.000000
1789200.000000 0.000000
1789800.000000 0.000000
1790400.000000 0.000000
1791000.000000 0.000000
1791600.000000 0.000000
1792200.000000 0.000000
1792800.000000 0.000000
1793400.000000 0.000000
1794000.000000 0.000000
1794600.000000 0.000000
1795200.000000 0.000000
1795800.000000 0.000000
1796400.000000 0.000000
1797000.000000 0.000000
1797600.000000 0.000000
1798200.000000 0.000000
1798800.000000 0.000000
1799400.000000 0.000000
1800000.000000 0.000000
1800600.000000 0.000000
1801200.000000 0.000000
1801800.000000 0.000000
1802400.000000 0.000000
1803000.000000 0.000000
1803600.000000 0.000000
1804200.000000 0.000000
1804800.000000 0.000000
1805400.000000 0.000000
1806000.000000 0.000000
1806600.000000 0.000000
1807200.000000 0.000000
1807800.000000 0.000000
1808400.000000 0.000000
1809000.000000 0.000000
1809600.000000 0.000000
1810200.000000 0.000000
1810800.000000 0.000000
1811400.000000 0.000000
1812000.000000 0.000000
1812600.000000 0.000000
1813200.000000 0.000000
1813800.000000 0.000000
1814400.000000 0.000000
1815000.000000 0.000000
1815600.000000 0.000000
1816200.000000 0.000000
1816800.000000 0.000000
1817400.000000 0.000000
1818000.000000 0.000000
1818600.000000 0.000000
1819200.000000 0.000000
1819800.000000 0.000000
1820400.000000 0.000000
1821000.000000 0.000000
1821600.000000 0.000000
1822200.000000 0.000000
1822800.000000 0.000000
1823400.000000 0.000000
1824000.000000 0.000000
1824600.000000 0.000000
1825200.000000 0.000000
1825800.000000 0.000000
1826400.000000 0.000000
1827000.000000 0.000000
1827600.000000 0.000000
1828200.000000 0.000000
1828800.000000 0.000000
1829400.000000 0.000000
1830000.000000 0.000000
1830600.000000 0.000000
1831200.000000 0.000000
1831800.000000 0.000000
1832400.000000 0.000000
1833000.000000 0.000000
1833600.000000 0.000000
1834200.000000 0.000050
1834800.000000 0.000056
1835400.000000 0.000043
1836000.000000 0.000035
1836600.000000 0.000030
1837200.000000 0.000000
1837800.000000 0.000000
1838400.000000 0.000000
1839000.000000 0.000000
1839600.000000 0.000000
1840200.000000 0.000000
1840800.000000 0.000000
1841400.000000 0.000000
1842000.000000 0.000000
1842600.000000 0.000000
1843200.000000 0.000000
1843800.000000 0.000000
1844400.000000 0.000000
1845000.000000 0.000000
1845600.000000 0.000000
1846200.000000 0.000000
1846800.000000 0.000000
1847400.000000 0.000000
1848000.000000 0.000000
1848600.000000 0.000000
1849200.000000 0.000000
1849800.000000 0.000000
1850400.000000 0.000000
1851000.000000 0.000000
1851600.000000 0.000000
1852200.000000 0.000000
1852800.000000 0.000000
1853400.000000 0.000000
1854000.000000 0.000000
1854600.000000 0.000000
1855200.000000 0.000000
1855800.000000 0.000000
1856400.000000 0.000000
1857000.000000 0.000000
1857600.000000 0.000000
1858200.000000 0.000000
1858800.000000 0.000000
1859400.000000 0.000000
1860000.000000 0.000000
1860600.000000 0.000000
1861200.000000 0.000000
1861800.000000 0.000000
1862400.000000 0.000000
1863000.000000 0.000000
1863600.000000 0.000000
1864200.000000 0.000000
1864800.000000 0.000000
1865400.000000 0.000000
1866000.000000 0.000000
1866600.000000 0.000000
1867200.000000 0.000000
1867800.000000 0.000000
1868400.000000 0.000000
1869000.000000 0.000000
1869600.000000 0.000000
1870200.000000 0.000000
1870800.000000 0.000000
1871400.000000 0.000000
1872000.000000 0.000000
1872600.000000 0.000000
1873200.000000 0.000000
1873800.000000 0.000000
1874400.000000 0.000000
1875000.000000 0.000000
1875600.000000 0.000000
1876200.000000 0.000000
1876800.000000 0.000000
1877400.000000 0.000000
1878000.000000 0.000000
1878600.000000 0.000000
1879200.000000 0.000000
1879800.000000 0.000000
1880400.000000 0.000000
1881000.000000 0.000000
1881600.000000 0.000000
1882200.000000 0.000000
1882800.000000 0.000000
1883400.000000 0.000000
1884000.000000 0.000000
1884600.000000 0.000000
1885200.000000 0.000000
1885800.000000 0.000000
1886400.000000 0.000000
1887000.000000 0.000000
1887600.000000 0.000000
1888200.000000 0.000000
1888800.000000 0.000000
1889400.000000 0.000000
1890000.000000 0.000000
1890600.000000 0.000000
1891200.000000 0.000000
1891800.000000 0.000000
1892400.000000 0.000000
1893000.000000 0.000000
1893600.000000 0.000000
1894200.000000 0.000000
1894800.000000 0.000000
1895400.000000 0.000000
1896000.000000 0.000000
1896600.000000 0.000000
1897200.000000 0.000000
1897800.000000 0.000000
1898400.000000 0.000000
1899000.000000 0.000000
1899600.000000 0.000000
1900200.000000 0.000000
1900800.000000 0.000000
